# t du/dt dv/dt umax vmax
1.000000000000000000e+01 1.366999999999999882e-01 4.012999999999999901e-02 1.497000000000000108e+00 4.010000000000000231e-01
2.000000000000000000e+01 1.089999999999999997e-01 4.998999999999999971e-02 1.497000000000000108e+00 2.379999999999999893e-01
3.000000000000000000e+01 6.126999999999999807e-02 1.765999999999999862e-02 1.497000000000000108e+00 1.960000000000000075e-01
4.000000000000000000e+01 2.331000000000000086e-02 4.534999999999999969e-03 1.497000000000000108e+00 1.910000000000000031e-01
5.000000000000000000e+01 1.379999999999999977e-02 2.305000000000000191e-03 1.497000000000000108e+00 1.869999999999999996e-01
6.000000000000000000e+01 8.181000000000000771e-03 1.188000000000000037e-03 1.497000000000000108e+00 1.839999999999999969e-01
7.000000000000000000e+01 4.858999999999999604e-03 6.566000000000000222e-04 1.497000000000000108e+00 1.809999999999999942e-01
8.000000000000000000e+01 2.864999999999999925e-03 5.333999999999999549e-04 1.497000000000000108e+00 1.789999999999999925e-01
9.000000000000000000e+01 2.203999999999999796e-03 4.360000000000000269e-04 1.497000000000000108e+00 1.769999999999999907e-01
1.000000000000000000e+02 1.820999999999999919e-03 3.595000000000000105e-04 1.497000000000000108e+00 1.759999999999999898e-01
1.100000000000000000e+02 1.513000000000000022e-03 2.969000000000000068e-04 1.497000000000000108e+00 1.739999999999999880e-01
1.200000000000000000e+02 1.258000000000000004e-03 2.464000000000000261e-04 1.497000000000000108e+00 1.729999999999999871e-01
1.300000000000000000e+02 1.049000000000000019e-03 2.049999999999999956e-04 1.497000000000000108e+00 1.719999999999999862e-01
1.400000000000000000e+02 8.760999999999999907e-04 1.707000000000000021e-04 1.497000000000000108e+00 1.719999999999999862e-01
1.500000000000000000e+02 7.322999999999999649e-04 1.423999999999999919e-04 1.497000000000000108e+00 1.710000000000000131e-01
1.600000000000000000e+02 6.126000000000000369e-04 1.190000000000000058e-04 1.497000000000000108e+00 1.710000000000000131e-01
1.700000000000000000e+02 5.132000000000000060e-04 9.958000000000000543e-05 1.497000000000000108e+00 1.700000000000000122e-01
1.800000000000000000e+02 4.303999999999999992e-04 8.341000000000000269e-05 1.497000000000000108e+00 1.700000000000000122e-01
1.900000000000000000e+02 3.609999999999999928e-04 6.990999999999999981e-05 1.497000000000000108e+00 1.690000000000000113e-01
2.000000000000000000e+02 3.029999999999999924e-04 5.861999999999999779e-05 1.497000000000000108e+00 1.690000000000000113e-01
2.100000000000000000e+02 2.544000000000000037e-04 4.918000000000000008e-05 1.497000000000000108e+00 1.690000000000000113e-01
2.200000000000000000e+02 2.135999999999999878e-04 4.127999999999999779e-05 1.497000000000000108e+00 1.690000000000000113e-01
2.300000000000000000e+02 1.793999999999999968e-04 3.465000000000000198e-05 1.497000000000000108e+00 1.680000000000000104e-01
2.400000000000000000e+02 1.507000000000000039e-04 2.909999999999999921e-05 1.497000000000000108e+00 1.680000000000000104e-01
2.500000000000000000e+02 1.266999999999999897e-04 2.445000000000000138e-05 1.497000000000000108e+00 1.680000000000000104e-01
2.600000000000000000e+02 1.065000000000000002e-04 2.053999999999999985e-05 1.497000000000000108e+00 1.680000000000000104e-01
2.700000000000000000e+02 8.948999999999999869e-05 1.726000000000000076e-05 1.497000000000000108e+00 1.680000000000000104e-01
2.800000000000000000e+02 7.522999999999999631e-05 1.450999999999999999e-05 1.497000000000000108e+00 1.680000000000000104e-01
2.900000000000000000e+02 6.325000000000000598e-05 1.220000000000000008e-05 1.497000000000000108e+00 1.680000000000000104e-01
3.000000000000000000e+02 5.318999999999999726e-05 1.025000000000000012e-05 1.497000000000000108e+00 1.680000000000000104e-01
3.100000000000000000e+02 4.473000000000000034e-05 8.623000000000000280e-06 1.497000000000000108e+00 1.680000000000000104e-01
3.200000000000000000e+02 3.761000000000000074e-05 7.250999999999999694e-06 1.497000000000000108e+00 1.680000000000000104e-01
3.300000000000000000e+02 3.163000000000000040e-05 6.097000000000000240e-06 1.497000000000000108e+00 1.680000000000000104e-01
3.400000000000000000e+02 2.661000000000000103e-05 5.127999999999999861e-06 1.497000000000000108e+00 1.680000000000000104e-01
3.500000000000000000e+02 2.237999999999999918e-05 4.313000000000000041e-06 1.497000000000000108e+00 1.680000000000000104e-01
3.600000000000000000e+02 1.881999999999999938e-05 3.627000000000000172e-06 1.497000000000000108e+00 1.680000000000000104e-01
3.700000000000000000e+02 1.582999999999999921e-05 3.051000000000000096e-06 1.497000000000000108e+00 1.680000000000000104e-01
3.800000000000000000e+02 1.331999999999999952e-05 2.566000000000000081e-06 1.497000000000000108e+00 1.680000000000000104e-01
3.900000000000000000e+02 1.119999999999999949e-05 2.158999999999999997e-06 1.497000000000000108e+00 1.680000000000000104e-01
4.000000000000000000e+02 9.422999999999999397e-06 1.816000000000000062e-06 1.497000000000000108e+00 1.680000000000000104e-01
