# t du/dt dv/dt umax vmax
1.000000000000000000e+01 1.517999999999999905e-01 4.415000000000000174e-02 1.495000000000000107e+00 4.420000000000000040e-01
2.000000000000000000e+01 1.126999999999999946e-01 5.591999999999999749e-02 1.495999999999999996e+00 2.580000000000000071e-01
3.000000000000000000e+01 8.135000000000000564e-02 4.639999999999999680e-02 1.495000000000000107e+00 3.750000000000000000e-01
4.000000000000000000e+01 7.358000000000000651e-02 5.496000000000000191e-02 1.495000000000000107e+00 3.350000000000000200e-01
5.000000000000000000e+01 5.405000000000000082e-02 4.050999999999999740e-02 1.495000000000000107e+00 2.129999999999999949e-01
6.000000000000000000e+01 3.289000000000000257e-02 1.684000000000000080e-02 1.495000000000000107e+00 1.920000000000000040e-01
7.000000000000000000e+01 2.245000000000000120e-02 1.789999999999999925e-02 1.495000000000000107e+00 1.869999999999999996e-01
8.000000000000000000e+01 2.007000000000000103e-02 1.836000000000000132e-02 1.495000000000000107e+00 1.869999999999999996e-01
9.000000000000000000e+01 8.434000000000000524e-03 7.727999999999999627e-03 1.495000000000000107e+00 1.779999999999999916e-01
1.000000000000000000e+02 2.333000000000000004e-02 2.540999999999999856e-02 1.495000000000000107e+00 1.839999999999999969e-01
1.100000000000000000e+02 2.416000000000000092e-02 2.690000000000000030e-02 1.495000000000000107e+00 1.809999999999999942e-01
1.200000000000000000e+02 1.777000000000000107e-02 2.287000000000000144e-02 1.495000000000000107e+00 1.749999999999999889e-01
1.300000000000000000e+02 1.846000000000000071e-02 2.094999999999999987e-02 1.495999999999999996e+00 1.749999999999999889e-01
1.400000000000000000e+02 1.668999999999999997e-02 1.691000000000000142e-02 1.495000000000000107e+00 1.809999999999999942e-01
1.500000000000000000e+02 2.049000000000000127e-02 2.334999999999999923e-02 1.495000000000000107e+00 1.930000000000000049e-01
1.600000000000000000e+02 2.775999999999999995e-02 3.475000000000000311e-02 1.495000000000000107e+00 1.839999999999999969e-01
1.700000000000000000e+02 2.725999999999999951e-02 3.144000000000000267e-02 1.495000000000000107e+00 1.680000000000000104e-01
1.800000000000000000e+02 2.027999999999999942e-02 2.638000000000000067e-02 1.495000000000000107e+00 1.829999999999999960e-01
1.900000000000000000e+02 2.370999999999999844e-02 2.556999999999999898e-02 1.495000000000000107e+00 1.749999999999999889e-01
2.000000000000000000e+02 1.212000000000000056e-02 1.448999999999999941e-02 1.495999999999999996e+00 1.660000000000000087e-01
2.100000000000000000e+02 2.512999999999999956e-02 3.118999999999999898e-02 1.495999999999999996e+00 1.769999999999999907e-01
2.200000000000000000e+02 2.760999999999999913e-02 3.499000000000000027e-02 1.495000000000000107e+00 1.920000000000000040e-01
2.300000000000000000e+02 2.148999999999999869e-02 2.265999999999999959e-02 1.495000000000000107e+00 2.109999999999999931e-01
2.400000000000000000e+02 3.076999999999999874e-02 3.490999999999999659e-02 1.495999999999999996e+00 1.769999999999999907e-01
2.500000000000000000e+02 1.541999999999999968e-02 1.764999999999999902e-02 1.495000000000000107e+00 1.759999999999999898e-01
2.600000000000000000e+02 2.220000000000000098e-02 2.709999999999999909e-02 1.495000000000000107e+00 1.660000000000000087e-01
2.700000000000000000e+02 2.665000000000000008e-02 3.230999999999999844e-02 1.495000000000000107e+00 1.890000000000000013e-01
2.800000000000000000e+02 2.522999999999999896e-02 3.012000000000000094e-02 1.495000000000000107e+00 1.729999999999999871e-01
2.900000000000000000e+02 2.743999999999999911e-02 3.334999999999999770e-02 1.495000000000000107e+00 2.039999999999999869e-01
3.000000000000000000e+02 2.665000000000000008e-02 2.871999999999999900e-02 1.495000000000000107e+00 1.660000000000000087e-01
3.100000000000000000e+02 2.128999999999999990e-02 2.658999999999999905e-02 1.495000000000000107e+00 1.719999999999999862e-01
3.200000000000000000e+02 2.616999999999999882e-02 3.420999999999999736e-02 1.495000000000000107e+00 1.749999999999999889e-01
3.300000000000000000e+02 2.688000000000000111e-02 3.384000000000000202e-02 1.495000000000000107e+00 1.729999999999999871e-01
3.400000000000000000e+02 1.634999999999999995e-02 1.870000000000000134e-02 1.495000000000000107e+00 1.880000000000000004e-01
3.500000000000000000e+02 2.732000000000000053e-02 3.128999999999999837e-02 1.495000000000000107e+00 1.700000000000000122e-01
3.600000000000000000e+02 1.815999999999999906e-02 2.078999999999999945e-02 1.495000000000000107e+00 1.779999999999999916e-01
3.700000000000000000e+02 2.862999999999999920e-02 3.520000000000000212e-02 1.495000000000000107e+00 1.900000000000000022e-01
3.800000000000000000e+02 2.928000000000000047e-02 3.613999999999999851e-02 1.495999999999999996e+00 1.910000000000000031e-01
3.900000000000000000e+02 2.580000000000000002e-02 2.740000000000000074e-02 1.495000000000000107e+00 1.739999999999999880e-01
4.000000000000000000e+02 2.105999999999999886e-02 2.551000000000000142e-02 1.495000000000000107e+00 1.739999999999999880e-01
