# t du/dt dv/dt umax vmax
1.000000000000000000e+01 5.589000000000000218e-02 3.792999999999999844e-02 1.608000000000000096e+00 3.760000000000000009e-01
2.000000000000000000e+01 6.443999999999999728e-02 3.676000000000000101e-02 1.608000000000000096e+00 2.119999999999999940e-01
3.000000000000000000e+01 5.457000000000000045e-02 2.886999999999999983e-02 1.608000000000000096e+00 1.789999999999999925e-01
4.000000000000000000e+01 2.954999999999999988e-02 1.111999999999999968e-02 1.608000000000000096e+00 1.789999999999999925e-01
5.000000000000000000e+01 9.374000000000000388e-03 2.781000000000000052e-03 1.608000000000000096e+00 1.799999999999999933e-01
6.000000000000000000e+01 5.329999999999999669e-03 9.286999999999999682e-04 1.608000000000000096e+00 1.799999999999999933e-01
7.000000000000000000e+01 3.416000000000000199e-03 6.225000000000000065e-04 1.608000000000000096e+00 1.809999999999999942e-01
8.000000000000000000e+01 2.416000000000000179e-03 3.321999999999999975e-04 1.608000000000000096e+00 1.809999999999999942e-01
9.000000000000000000e+01 1.469999999999999953e-03 1.447999999999999960e-04 1.608000000000000096e+00 1.809999999999999942e-01
1.000000000000000000e+02 7.885999999999999781e-04 8.166000000000000082e-05 1.608000000000000096e+00 1.809999999999999942e-01
1.100000000000000000e+02 4.427000000000000271e-04 5.311999999999999963e-05 1.608000000000000096e+00 1.819999999999999951e-01
1.200000000000000000e+02 2.400000000000000061e-04 3.115999999999999982e-05 1.608000000000000096e+00 1.819999999999999951e-01
1.300000000000000000e+02 1.235999999999999957e-04 2.006000000000000106e-05 1.608000000000000096e+00 1.819999999999999951e-01
1.400000000000000000e+02 7.045000000000000481e-05 1.567000000000000074e-05 1.608000000000000096e+00 1.819999999999999951e-01
1.500000000000000000e+02 5.500000000000000196e-05 1.222999999999999980e-05 1.608000000000000096e+00 1.819999999999999951e-01
1.600000000000000000e+02 4.292999999999999724e-05 9.547000000000000242e-06 1.608000000000000096e+00 1.819999999999999951e-01
1.700000000000000000e+02 3.348999999999999953e-05 7.449000000000000170e-06 1.608000000000000096e+00 1.819999999999999951e-01
1.800000000000000000e+02 2.612999999999999885e-05 5.810999999999999929e-06 1.608000000000000096e+00 1.819999999999999951e-01
1.900000000000000000e+02 2.038000000000000139e-05 4.532999999999999629e-06 1.608000000000000096e+00 1.819999999999999951e-01
2.000000000000000000e+02 1.590000000000000023e-05 3.536000000000000111e-06 1.608000000000000096e+00 1.819999999999999951e-01
2.100000000000000000e+02 1.239999999999999986e-05 2.758000000000000106e-06 1.608000000000000096e+00 1.819999999999999951e-01
2.200000000000000000e+02 9.670000000000000589e-06 2.150999999999999819e-06 1.608000000000000096e+00 1.819999999999999951e-01
2.300000000000000000e+02 7.541999999999999957e-06 1.676999999999999995e-06 1.608000000000000096e+00 1.819999999999999951e-01
2.400000000000000000e+02 5.881999999999999757e-06 1.308000000000000013e-06 1.608000000000000096e+00 1.819999999999999951e-01
2.500000000000000000e+02 4.587000000000000297e-06 1.019999999999999975e-06 1.608000000000000096e+00 1.819999999999999951e-01
2.600000000000000000e+02 3.576999999999999803e-06 7.955000000000000492e-07 1.608000000000000096e+00 1.819999999999999951e-01
2.700000000000000000e+02 2.788999999999999894e-06 6.203000000000000157e-07 1.608000000000000096e+00 1.819999999999999951e-01
2.800000000000000000e+02 2.174999999999999928e-06 4.837000000000000233e-07 1.608000000000000096e+00 1.819999999999999951e-01
2.900000000000000000e+02 1.695999999999999940e-06 3.772000000000000160e-07 1.608000000000000096e+00 1.819999999999999951e-01
3.000000000000000000e+02 1.323000000000000081e-06 2.941999999999999742e-07 1.608000000000000096e+00 1.819999999999999951e-01
3.100000000000000000e+02 1.030999999999999954e-06 2.294000000000000027e-07 1.608000000000000096e+00 1.819999999999999951e-01
3.200000000000000000e+02 8.042999999999999692e-07 1.788999999999999939e-07 1.608000000000000096e+00 1.819999999999999951e-01
3.300000000000000000e+02 6.272000000000000047e-07 1.394999999999999985e-07 1.608000000000000096e+00 1.819999999999999951e-01
3.400000000000000000e+02 4.891000000000000055e-07 1.087999999999999949e-07 1.608000000000000096e+00 1.819999999999999951e-01
3.500000000000000000e+02 3.814000000000000139e-07 8.482000000000000116e-08 1.608000000000000096e+00 1.819999999999999951e-01
3.600000000000000000e+02 2.974000000000000028e-07 6.613999999999999536e-08 1.608000000000000096e+00 1.819999999999999951e-01
3.700000000000000000e+02 2.319000000000000053e-07 5.158000000000000262e-08 1.608000000000000096e+00 1.819999999999999951e-01
3.800000000000000000e+02 1.808000000000000043e-07 4.021999999999999884e-08 1.608000000000000096e+00 1.819999999999999951e-01
3.900000000000000000e+02 1.410000000000000053e-07 3.135999999999999759e-08 1.608000000000000096e+00 1.819999999999999951e-01
4.000000000000000000e+02 1.100000000000000056e-07 2.445999999999999867e-08 1.608000000000000096e+00 1.819999999999999951e-01
