1 -95.9417 0.9164 1.0971 [-0.026, -0.009, -0.007] 0.184
2 -89.1941 0.7806 0.9091 [-0.008, 0.023, 0.011] 0.179
3 -87.8973 1.4131 0.9851 [0.009, -0.023, 0.028] 0.180
4 -88.8726 1.2504 0.7877 [0.006, 0.001, -0.013] 0.174
5 -86.9323 1.0867 0.9977 [-0.029, -0.021, 0.001] 0.180
6 -84.0717 0.9552 1.0921 [0.012, -0.032, 0.023] 0.184
7 -87.0210 0.8045 0.9008 [-0.029, -0.017, 0.042] 0.180
8 -85.1880 0.7317 1.1700 [-0.036, -0.032, 0.016] 0.184
9 -80.7404 1.3344 1.2861 [-0.011, -0.016, 0.047] 0.177
10 -80.7313 1.4353 0.8745 [-0.006, -0.061, 0.016] 0.172
11 -81.7324 1.6906 0.8356 [-0.036, -0.005, 0.013] 0.176
12 -80.4804 1.4675 0.7305 [-0.004, -0.027, -0.002] 0.169
13 -84.4860 0.6593 1.0115 [-0.005, -0.026, 0.039] 0.181
14 -85.7369 0.7915 0.8751 [-0.01, -0.054, 0.018] 0.181
15 -87.2794 1.2312 0.9517 [-0.038, 0.0, 0.013] 0.171
16 -90.0519 1.1035 0.8471 [-0.045, -0.032, 0.001] 0.170
17 -79.5560 0.8498 1.2279 [-0.086, -0.032, 0.012] 0.179
18 -84.8962 0.9829 1.4041 [-0.064, 0.006, 0.051] 0.189
19 -81.5770 1.2504 0.5978 [-0.094, -0.057, 0.029] 0.188
20 -81.7430 0.9421 1.5881 [-0.081, 0.009, 0.019] 0.184
21 -80.2428 0.7781 1.1836 [-0.054, -0.046, -0.004] 0.183
22 -84.2385 0.8358 0.9134 [-0.055, -0.018, -0.005] 0.182
23 -81.3606 0.8201 0.7261 [-0.085, -0.045, 0.031] 0.177
24 -85.6766 0.9080 1.1542 [-0.046, -0.036, 0.029] 0.185
25 -77.0847 1.2636 0.9388 [-0.059, -0.006, 0.058] 0.174
