1 -80.1437 1.2659 0.5307 [-0.019, -0.001, 0.039] 0.188
2 -92.6412 1.6029 0.6921 [0.05, -0.026, -0.018] 0.191
3 -82.7544 1.1870 1.0825 [-0.005, -0.014, 0.033] 0.179
4 -86.3773 0.7128 0.7793 [-0.01, -0.033, 0.004] 0.182
5 -83.5786 1.4295 0.8188 [-0.022, 0.003, 0.011] 0.180
6 -86.7663 1.1947 1.0032 [-0.012, -0.037, -0.006] 0.179
7 -88.8485 0.7703 0.9342 [-0.006, -0.01, 0.076] 0.178
8 -79.4913 1.1750 1.1266 [-0.038, -0.05, 0.025] 0.179
9 -87.0371 1.5060 0.9189 [-0.009, -0.036, 0.026] 0.173
10 -80.8970 0.9414 0.9229 [-0.01, -0.041, 0.031] 0.172
11 -87.7555 1.1419 1.3889 [-0.007, -0.023, -0.014] 0.179
12 -86.8679 1.0773 1.0202 [0.013, -0.044, -0.03] 0.179
13 -86.7495 0.8460 0.9236 [-0.016, -0.028, 0.022] 0.174
14 -86.5162 0.9843 1.1722 [0.012, -0.04, 0.017] 0.183
15 -83.4418 1.0246 0.9473 [-0.068, -0.064, 0.029] 0.185
16 -82.4741 0.8445 0.9074 [-0.041, -0.015, 0.017] 0.177
17 -80.9284 0.6249 0.9321 [-0.067, -0.032, 0.049] 0.182
18 -78.2974 0.8403 0.9287 [-0.064, -0.023, 0.054] 0.181
19 -76.8580 1.0860 0.9452 [-0.087, -0.03, 0.045] 0.174
20 -83.6162 0.7107 0.8318 [-0.083, -0.044, 0.023] 0.179
21 -86.6631 0.9629 0.8340 [-0.063, -0.06, 0.021] 0.181
22 -80.4935 1.2187 1.0374 [-0.073, -0.021, 0.016] 0.182
23 -83.9873 0.8576 0.2607 [-0.069, -0.027, 0.016] 0.186
24 -76.1131 0.9332 0.8643 [-0.082, -0.012, 0.035] 0.172
25 -77.3318 0.8640 0.9914 [-0.053, -0.002, 0.028] 0.176
