1 -85.6605 1.1834 0.7705 [0.001, -0.04, -0.008] 0.178
2 -89.1995 1.2524 0.8906 [-0.009, -0.01, -0.02] 0.182
3 -88.4317 1.1438 0.7258 [-0.018, -0.025, 0.013] 0.179
4 -93.1493 1.3492 0.7840 [-0.024, 0.027, 0.015] 0.182
5 -83.7774 0.4691 0.8423 [-0.005, 0.002, 0.025] 0.186
6 -88.8010 0.8903 0.9371 [-0.017, -0.017, 0.037] 0.174
7 -86.6662 1.2852 1.0043 [-0.046, -0.006, 0.016] 0.178
8 -81.9661 0.7003 1.1509 [-0.005, -0.002, 0.037] 0.167
9 -82.9494 1.1977 0.9485 [-0.009, -0.031, 0.039] 0.173
10 -85.3084 1.4862 0.9833 [-0.009, -0.003, 0.031] 0.172
11 -83.9081 0.6729 0.8001 [-0.025, -0.057, 0.033] 0.183
12 -88.0796 1.5568 1.1250 [0.024, -0.05, -0.022] 0.173
13 -90.2451 0.9540 0.9322 [0.0, -0.078, 0.024] 0.183
14 -84.4339 0.9364 1.1388 [-0.009, -0.036, 0.02] 0.172
15 -82.4966 1.0137 0.7460 [-0.028, -0.036, 0.013] 0.182
16 -77.7275 0.8818 0.7109 [-0.035, -0.035, 0.034] 0.184
17 -83.4531 1.0101 0.8458 [-0.051, -0.03, 0.041] 0.183
18 -78.9356 0.6412 1.2321 [-0.073, -0.011, 0.014] 0.182
19 -78.5453 0.8741 0.8505 [-0.111, -0.019, 0.008] 0.181
20 -80.2564 1.3568 0.5418 [-0.084, -0.051, 0.03] 0.185
21 -76.4636 0.9075 0.9092 [-0.097, -0.007, 0.023] 0.186
22 -79.9752 1.3628 1.2305 [-0.046, -0.02, 0.019] 0.173
23 -82.5859 1.1233 0.4852 [-0.08, -0.035, 0.013] 0.178
24 -79.3747 0.7057 1.2298 [-0.064, -0.029, 0.026] 0.169
25 -81.7135 0.7921 1.0019 [-0.06, -0.017, 0.036] 0.185
