1 -83.1573 0.7554 0.9837 [-0.029, 0.011, 0.029] 0.169
2 -90.6188 1.1336 0.8002 [0.03, -0.001, 0.012] 0.184
3 -89.9383 0.7360 1.3628 [0.006, -0.025, 0.019] 0.178
4 -86.4321 1.2811 1.0962 [-0.008, 0.008, 0.037] 0.177
5 -82.0537 1.2925 1.0285 [-0.023, -0.02, 0.008] 0.173
6 -91.0715 1.3341 1.0557 [-0.009, -0.037, -0.02] 0.185
7 -90.9290 0.6811 0.8245 [-0.014, 0.007, 0.044] 0.187
8 -84.0714 0.9780 0.6910 [-0.037, -0.018, 0.023] 0.170
9 -84.5422 0.7534 1.1212 [0.001, -0.025, 0.037] 0.173
10 -86.5497 0.7488 0.9117 [-0.037, -0.05, -0.005] 0.184
11 -84.5378 0.8911 1.3651 [-0.033, -0.04, 0.043] 0.175
12 -85.8137 1.3475 0.6759 [-0.02, -0.026, -0.013] 0.182
13 -85.5975 0.9156 0.9029 [0.026, -0.056, -0.003] 0.179
14 -84.8523 1.2916 0.6791 [-0.021, -0.026, -0.004] 0.173
15 -82.2674 1.0165 0.4052 [-0.034, -0.032, 0.015] 0.185
16 -81.6949 0.9353 0.9951 [-0.06, -0.042, 0.033] 0.182
17 -82.2420 0.8009 0.5917 [-0.073, -0.042, 0.024] 0.181
18 -88.4104 1.0166 0.7569 [-0.065, -0.03, 0.049] 0.186
19 -85.3470 0.8423 0.8702 [-0.04, -0.032, 0.04] 0.184
20 -77.5117 0.8891 0.6399 [-0.091, -0.055, 0.01] 0.177
21 -83.4877 0.5374 0.9068 [-0.07, -0.033, 0.017] 0.177
22 -80.9531 1.1251 0.7911 [-0.055, -0.018, 0.016] 0.181
23 -83.3420 1.0701 0.8687 [-0.046, -0.042, 0.02] 0.177
24 -82.2665 0.9623 0.8045 [-0.055, -0.029, 0.022] 0.178
25 -80.8845 1.1081 1.2291 [-0.041, -0.012, -0.001] 0.169
