1 -89.4700 1.1454 1.0782 [-0.001, -0.022, -0.007] 0.177
2 -90.8373 0.8221 0.9311 [0.002, 0.012, 0.018] 0.176
3 -83.9434 0.7497 0.5807 [-0.004, 0.006, 0.022] 0.174
4 -86.8463 0.9506 0.7777 [-0.05, 0.02, 0.037] 0.179
5 -90.0448 1.0400 0.7926 [-0.022, -0.014, 0.022] 0.180
6 -86.5493 1.3660 0.8155 [-0.021, -0.019, 0.023] 0.184
7 -89.0162 0.8472 1.0743 [0.012, -0.036, 0.036] 0.180
8 -85.0849 1.1651 0.4695 [-0.037, -0.024, 0.045] 0.178
9 -84.0616 1.0160 1.0281 [-0.013, -0.043, 0.036] 0.175
10 -84.9029 0.9713 0.7320 [-0.017, -0.03, 0.021] 0.172
11 -76.2611 1.3367 0.9983 [-0.027, -0.041, -0.007] 0.180
12 -92.3585 0.9982 0.8558 [0.004, -0.025, -0.004] 0.179
13 -87.3240 1.0187 1.0089 [0.009, -0.028, 0.026] 0.178
14 -86.7834 0.6398 1.2282 [0.007, -0.025, 0.005] 0.174
15 -81.0549 1.6677 0.7250 [-0.027, -0.049, 0.007] 0.171
16 -87.1325 1.1881 0.6733 [-0.064, -0.049, 0.02] 0.188
17 -81.7353 1.0907 1.1761 [-0.048, -0.031, 0.027] 0.172
18 -81.8513 1.0225 0.7706 [-0.065, -0.023, 0.02] 0.185
19 -82.1605 1.1288 0.9245 [-0.123, -0.018, 0.021] 0.185
20 -83.4767 1.1494 0.5903 [-0.099, -0.027, 0.05] 0.181
21 -80.4280 1.0738 0.8990 [-0.061, -0.07, 0.026] 0.177
22 -76.5765 0.9408 0.9763 [-0.089, -0.019, 0.026] 0.180
23 -81.8059 0.9435 1.0823 [-0.04, -0.028, 0.005] 0.188
24 -85.3966 0.6802 1.4028 [-0.063, -0.034, 0.005] 0.183
25 -83.1508 0.9936 1.2017 [-0.08, 0.01, 0.026] 0.185
