1 -87.4356 1.0551 0.9242 [0.003, -0.02, 0.01] 0.171
2 -87.6785 0.9405 1.1210 [-0.004, 0.008, 0.034] 0.177
3 -84.9225 1.2601 0.7973 [-0.006, -0.013, 0.021] 0.179
4 -81.7404 1.2980 1.0030 [-0.033, -0.003, 0.002] 0.174
5 -86.9575 0.5739 0.9050 [-0.007, -0.008, 0.012] 0.173
6 -86.0672 1.4234 0.8439 [-0.022, -0.051, 0.028] 0.180
7 -90.2431 0.8962 0.5014 [0.002, -0.025, -0.003] 0.182
8 -86.1320 1.0210 1.0739 [-0.005, -0.025, 0.041] 0.176
9 -84.2206 1.5678 0.7987 [-0.015, -0.012, 0.045] 0.178
10 -83.4951 1.0983 0.8247 [-0.012, -0.022, 0.029] 0.173
11 -84.0818 0.8809 1.1428 [-0.037, -0.059, 0.013] 0.180
12 -92.8277 0.8318 1.0439 [-0.002, -0.023, -0.003] 0.181
13 -85.3335 0.8884 0.8994 [-0.003, -0.063, 0.019] 0.188
14 -83.3108 0.9614 1.0771 [-0.03, -0.015, 0.03] 0.170
15 -80.1686 1.0848 0.8008 [-0.036, -0.062, 0.005] 0.179
16 -81.6912 1.2095 0.9234 [-0.051, -0.012, 0.05] 0.176
17 -81.5743 0.8825 1.1673 [-0.091, -0.015, 0.066] 0.178
18 -79.4366 0.8470 1.1170 [-0.038, -0.02, 0.042] 0.177
19 -83.1339 0.8984 0.7443 [-0.091, -0.024, 0.028] 0.191
20 -75.3571 1.0418 1.1437 [-0.117, -0.031, 0.023] 0.184
21 -79.3666 1.4873 0.7303 [-0.075, -0.034, 0.013] 0.176
22 -80.8711 1.5831 0.9002 [-0.069, -0.023, 0.02] 0.184
23 -86.7568 0.9437 0.8918 [-0.044, -0.05, 0.03] 0.193
24 -77.0387 0.7619 1.0409 [-0.058, -0.027, 0.021] 0.176
25 -79.9656 1.6299 0.9093 [-0.039, -0.01, -0.004] 0.172
