1 -86.4023 1.2752 1.0219 [0.024, -0.008, 0.008] 0.172
2 -91.7357 1.1739 0.9678 [0.016, -0.042, -0.009] 0.180
3 -82.0257 1.0019 1.1015 [-0.002, -0.034, 0.013] 0.174
4 -87.8671 0.9738 0.8725 [-0.007, -0.014, 0.028] 0.186
5 -81.1115 0.8950 0.7130 [-0.019, -0.019, -0.008] 0.178
6 -88.2090 1.6165 0.8400 [-0.032, -0.036, 0.032] 0.176
7 -86.9127 1.6180 0.7153 [-0.031, 0.009, 0.05] 0.176
8 -85.3004 1.0264 0.9147 [-0.01, -0.045, 0.014] 0.181
9 -84.8438 1.3676 1.3877 [-0.013, -0.037, 0.049] 0.183
10 -84.6095 1.2555 1.0422 [-0.01, -0.036, 0.045] 0.166
11 -83.6655 1.0025 0.9953 [-0.032, -0.023, -0.002] 0.185
12 -88.6496 1.4979 0.8389 [0.009, -0.055, -0.029] 0.185
13 -85.0025 0.9807 0.5738 [-0.009, -0.046, 0.032] 0.188
14 -85.8281 0.7463 0.6938 [-0.005, -0.025, 0.018] 0.173
15 -83.5758 0.8303 0.7194 [-0.017, -0.01, 0.001] 0.169
16 -76.9554 0.8809 1.2089 [-0.048, -0.035, 0.031] 0.183
17 -81.3063 1.4678 1.0401 [-0.03, -0.037, 0.036] 0.185
18 -81.6185 0.8369 0.9962 [-0.047, -0.024, 0.013] 0.171
19 -75.5194 1.0253 0.7542 [-0.07, -0.028, 0.02] 0.179
20 -81.7439 1.3193 0.9005 [-0.089, -0.039, 0.032] 0.182
21 -83.4703 1.2520 0.9460 [-0.04, -0.041, -0.008] 0.174
22 -83.2334 1.3717 0.4592 [-0.076, -0.025, 0.03] 0.193
23 -78.6059 0.5409 0.8778 [-0.055, -0.033, 0.002] 0.174
24 -79.5197 1.1816 1.1119 [-0.079, -0.037, 0.044] 0.185
25 -87.6253 0.7948 0.7946 [-0.059, 0.025, 0.028] 0.181
