1 -91.6707 1.0054 1.0002 [-0.01, 0.008, -0.012] 0.170
2 -82.3404 0.7684 0.9527 [0.01, -0.01, -0.004] 0.174
3 -90.4297 1.0020 1.1466 [0.01, -0.01, -0.023] 0.169
4 -89.7398 1.1107 0.7027 [-0.018, -0.001, 0.009] 0.186
5 -87.0383 0.9243 0.6452 [-0.032, -0.01, 0.039] 0.183
6 -88.0348 1.3353 0.7154 [-0.008, -0.028, 0.018] 0.176
7 -87.0152 0.9656 0.6658 [0.012, -0.006, 0.033] 0.185
8 -82.4848 1.2823 1.0507 [-0.03, -0.038, 0.009] 0.172
9 -85.5260 0.9773 0.7746 [-0.0, -0.042, 0.092] 0.181
10 -75.9686 1.3149 1.0922 [-0.011, -0.058, 0.02] 0.180
11 -87.1608 1.1851 1.2212 [0.007, -0.021, -0.002] 0.163
12 -84.4749 0.8954 0.7485 [0.013, -0.046, 0.019] 0.174
13 -83.8101 0.6398 0.5861 [0.002, -0.041, 0.028] 0.173
14 -91.4449 1.2127 0.5161 [0.001, -0.043, 0.012] 0.179
15 -82.9273 0.8843 1.1585 [-0.012, -0.037, 0.01] 0.177
16 -78.4968 0.6105 0.9378 [-0.056, -0.034, 0.037] 0.167
17 -78.1153 0.6606 0.9463 [-0.051, -0.026, 0.044] 0.189
18 -85.8667 0.5414 1.1219 [-0.107, -0.043, 0.029] 0.182
19 -80.6912 0.6413 0.8927 [-0.059, 0.013, 0.033] 0.186
20 -76.3275 1.1586 0.6123 [-0.088, -0.044, 0.022] 0.179
21 -86.9612 0.9639 0.9130 [-0.068, -0.046, 0.017] 0.181
22 -77.7334 1.2277 0.8691 [-0.074, -0.007, 0.016] 0.166
23 -81.4683 1.3899 0.8348 [-0.024, -0.045, -0.003] 0.169
24 -82.1027 1.3945 0.7676 [-0.039, -0.008, 0.032] 0.186
25 -81.6481 0.9288 0.7090 [-0.078, -0.005, -0.001] 0.179
