1 -57.2839 1.2469 0.5386 [-0.218, -0.028, 0.029] 0.215
2 -63.6362 1.5087 0.6783 [-0.167, -0.037, -0.014] 0.203
3 -56.9212 1.1581 1.0657 [-0.216, -0.035, 0.033] 0.206
4 -59.4265 0.7798 0.7709 [-0.213, -0.072, 0.001] 0.204
5 -54.2749 1.4067 0.8319 [-0.21, -0.038, 0.017] 0.212
6 -56.3880 1.1678 0.9420 [-0.233, -0.063, 0.011] 0.210
7 -61.7653 0.8248 0.8963 [-0.218, -0.031, 0.042] 0.206
8 -56.8070 1.2023 1.1497 [-0.24, -0.078, 0.007] 0.216
9 -60.8298 1.4822 0.9438 [-0.202, -0.064, 0.0] 0.205
10 -54.4696 0.9808 0.9843 [-0.189, -0.056, 0.02] 0.203
11 -56.9745 1.1554 1.3754 [-0.183, -0.056, 0.013] 0.210
12 -57.1128 1.0681 1.0064 [-0.177, -0.068, 0.006] 0.209
13 -58.2121 0.8773 0.9551 [-0.189, -0.035, 0.009] 0.210
14 -57.8114 0.9921 1.1739 [-0.172, -0.04, 0.013] 0.205
15 -55.9069 1.0176 1.0372 [-0.25, -0.049, 0.03] 0.228
16 -53.5686 0.8525 0.9803 [-0.198, -0.004, 0.03] 0.208
17 -56.5578 0.6738 1.0339 [-0.205, -0.014, 0.048] 0.217
18 -52.3200 0.8520 1.0311 [-0.192, -0.003, 0.055] 0.212
19 -51.0385 1.0729 1.0516 [-0.223, -0.017, 0.06] 0.215
20 -53.4140 0.7292 0.9201 [-0.212, -0.02, 0.038] 0.210
21 -58.0182 0.9557 0.9791 [-0.207, -0.02, 0.016] 0.209
22 -52.9944 1.1676 1.0587 [-0.224, -0.004, 0.019] 0.214
23 -56.1051 0.8634 0.4100 [-0.227, 0.001, 0.011] 0.219
24 -47.6820 0.9898 1.0383 [-0.242, 0.001, 0.005] 0.214
25 -54.7493 0.9468 1.1432 [-0.213, 0.003, -0.01] 0.222
26 -52.6568 1.0412 0.9012 [-0.236, -0.01, -0.025] 0.230
27 -61.5660 1.0148 1.4614 [-0.222, 0.024, -0.016] 0.233
28 -57.6093 0.6803 0.8570 [-0.226, 0.036, -0.023] 0.218
29 -57.5843 0.9894 0.9112 [-0.219, 0.017, 0.005] 0.223
30 -54.9199 0.9801 0.7887 [-0.245, -0.012, 0.026] 0.223
31 -51.0128 1.0055 1.0512 [-0.251, 0.005, 0.009] 0.222
32 -54.5178 1.1074 0.8186 [-0.236, -0.048, -0.023] 0.209
33 -54.8846 1.0995 0.8418 [-0.235, -0.033, 0.023] 0.214
