1 -62.9455 1.1270 1.0362 [-0.202, -0.047, -0.011] 0.206
2 -62.5755 0.8457 0.9660 [-0.212, -0.004, 0.017] 0.206
3 -56.5426 0.7773 0.6319 [-0.215, -0.018, 0.024] 0.202
4 -57.0585 1.0023 0.8239 [-0.25, -0.025, 0.03] 0.214
5 -62.2279 1.0611 0.7786 [-0.211, -0.053, 0.026] 0.203
6 -59.7466 1.3171 0.7919 [-0.24, -0.047, 0.035] 0.212
7 -62.2436 0.8991 1.0691 [-0.203, -0.054, 0.008] 0.211
8 -60.1492 1.1826 0.5594 [-0.241, -0.056, 0.024] 0.207
9 -56.8437 1.0617 1.0350 [-0.205, -0.07, 0.01] 0.207
10 -56.5042 0.9837 0.7344 [-0.195, -0.045, 0.011] 0.201
11 -50.4380 1.3107 0.9418 [-0.201, -0.072, 0.018] 0.219
12 -58.3977 0.9899 0.8278 [-0.186, -0.052, 0.028] 0.209
13 -58.7242 1.0322 1.0505 [-0.167, -0.035, 0.012] 0.203
14 -58.2166 0.6988 1.2936 [-0.179, -0.027, 0.003] 0.204
15 -52.9363 1.5573 0.7591 [-0.211, -0.036, 0.012] 0.210
16 -60.1348 1.1559 0.8082 [-0.219, -0.034, 0.033] 0.219
17 -54.0575 1.0651 1.2146 [-0.187, -0.013, 0.029] 0.203
18 -57.5829 1.0289 0.9213 [-0.194, -0.003, 0.027] 0.214
19 -55.2732 1.1119 1.0253 [-0.255, -0.007, 0.039] 0.226
20 -55.5264 1.1077 0.7105 [-0.228, -0.006, 0.061] 0.211
21 -54.4544 1.0428 1.0147 [-0.204, -0.029, 0.02] 0.205
22 -51.3245 0.9393 1.0477 [-0.237, -0.002, 0.027] 0.220
23 -58.2576 0.9649 1.2070 [-0.201, 0.0, 0.001] 0.221
24 -58.3635 0.7684 1.4783 [-0.225, -0.018, -0.02] 0.221
25 -56.6799 1.0320 1.2248 [-0.24, 0.013, -0.011] 0.222
26 -55.4933 1.1578 1.0334 [-0.255, 0.02, -0.03] 0.229
27 -53.7418 1.2112 0.9623 [-0.226, 0.015, -0.0] 0.220
28 -59.1536 1.1497 0.4187 [-0.229, 0.042, -0.018] 0.220
29 -51.9936 1.1352 0.6202 [-0.247, -0.006, 0.018] 0.223
30 -52.1921 1.5049 1.1558 [-0.264, 0.005, 0.004] 0.216
31 -53.4231 0.8695 1.2390 [-0.244, -0.011, 0.001] 0.220
32 -59.1530 1.1145 0.8234 [-0.21, -0.025, -0.007] 0.214
33 -50.6510 1.2741 0.9609 [-0.245, -0.037, -0.006] 0.222
