1 -62.6942 1.0122 1.0058 [-0.209, -0.02, -0.016] 0.200
2 -55.0431 0.7824 0.9160 [-0.205, -0.023, -0.002] 0.202
3 -61.0060 0.9776 1.0357 [-0.202, -0.032, -0.014] 0.195
4 -59.8108 1.1126 0.6546 [-0.22, -0.044, 0.006] 0.207
5 -63.1315 0.9560 0.6220 [-0.22, -0.05, 0.041] 0.210
6 -60.2945 1.2856 0.6750 [-0.23, -0.055, 0.031] 0.213
7 -59.3778 0.9913 0.6805 [-0.202, -0.027, 0.006] 0.208
8 -56.9460 1.2963 1.0786 [-0.233, -0.068, -0.007] 0.212
9 -59.2598 1.0272 0.8517 [-0.193, -0.07, 0.057] 0.205
10 -53.6698 1.3041 1.1123 [-0.19, -0.07, 0.01] 0.209
11 -55.8168 1.1884 1.2199 [-0.171, -0.055, 0.023] 0.195
12 -55.5699 0.8974 0.7264 [-0.176, -0.07, 0.047] 0.203
13 -54.7788 0.7011 0.6801 [-0.173, -0.046, 0.014] 0.203
14 -61.6032 1.1939 0.6295 [-0.184, -0.043, 0.009] 0.208
15 -54.2118 0.8795 1.1759 [-0.199, -0.025, 0.014] 0.213
16 -50.0057 0.6341 0.9569 [-0.211, -0.021, 0.047] 0.203
17 -52.4106 0.7069 1.0534 [-0.19, -0.009, 0.044] 0.216
18 -52.8939 0.5803 1.1615 [-0.231, -0.02, 0.036] 0.206
19 -55.2487 0.6864 1.0010 [-0.197, 0.021, 0.049] 0.217
20 -52.3855 1.1209 0.7503 [-0.218, -0.021, 0.037] 0.215
21 -59.0025 0.9406 0.9903 [-0.211, -0.008, 0.013] 0.215
22 -49.3401 1.2013 1.0057 [-0.224, 0.009, 0.019] 0.208
23 -54.6152 1.3331 0.9486 [-0.186, -0.015, -0.005] 0.205
24 -55.0848 1.3854 0.9367 [-0.203, 0.005, 0.002] 0.217
25 -57.4967 0.9735 0.8086 [-0.238, 0.001, -0.034] 0.225
26 -56.5577 0.9170 1.2369 [-0.224, 0.001, -0.026] 0.221
27 -53.8891 1.2255 0.9415 [-0.229, -0.013, -0.021] 0.219
28 -53.3368 1.0680 1.1862 [-0.229, 0.033, -0.01] 0.218
29 -60.7079 0.6744 1.3787 [-0.244, 0.016, -0.021] 0.224
30 -54.7721 1.1204 0.7457 [-0.243, -0.006, 0.008] 0.220
31 -53.1663 1.0749 0.7269 [-0.23, 0.01, 0.02] 0.213
32 -56.8095 0.9029 1.2270 [-0.234, -0.03, -0.001] 0.214
33 -52.4495 1.2428 1.2248 [-0.255, -0.023, -0.007] 0.223
