1 -59.7320 1.1566 0.7323 [-0.201, -0.063, -0.012] 0.207
2 -62.5145 1.2094 0.9296 [-0.22, -0.023, -0.015] 0.210
3 -62.3520 1.1389 0.7862 [-0.227, -0.045, 0.017] 0.206
4 -63.4985 1.3523 0.8198 [-0.225, -0.019, 0.011] 0.204
5 -54.4975 0.5609 0.8356 [-0.194, -0.039, 0.029] 0.211
6 -60.4623 0.8979 0.8897 [-0.239, -0.045, 0.047] 0.208
7 -59.2772 1.2640 0.9907 [-0.255, -0.028, -0.008] 0.217
8 -55.6625 0.7584 1.0689 [-0.211, -0.035, 0.017] 0.203
9 -56.8342 1.2202 0.9856 [-0.202, -0.06, 0.011] 0.210
10 -57.4017 1.4587 1.0503 [-0.187, -0.021, 0.019] 0.200
11 -57.5428 0.7468 0.8465 [-0.199, -0.087, 0.052] 0.215
12 -57.5173 1.4937 1.0994 [-0.169, -0.074, 0.013] 0.203
13 -61.3663 0.9777 0.9686 [-0.176, -0.079, 0.011] 0.210
14 -55.1263 0.9436 1.1409 [-0.191, -0.037, 0.016] 0.208
15 -51.5927 1.0214 0.8886 [-0.214, -0.024, 0.017] 0.215
16 -53.0813 0.8925 0.8335 [-0.191, -0.022, 0.045] 0.212
17 -56.0613 0.9930 0.9026 [-0.189, -0.012, 0.041] 0.206
18 -54.5944 0.6748 1.2615 [-0.2, 0.008, 0.022] 0.213
19 -50.9841 0.8725 0.9290 [-0.242, -0.007, 0.028] 0.214
20 -51.5461 1.2905 0.7019 [-0.216, -0.027, 0.044] 0.214
21 -53.8028 0.9091 1.0438 [-0.237, 0.026, 0.017] 0.223
22 -54.3436 1.3226 1.3147 [-0.2, -0.003, 0.021] 0.211
23 -56.7418 1.0951 0.6115 [-0.233, -0.005, 0.008] 0.220
24 -52.6264 0.7742 1.2651 [-0.224, -0.013, -0.003] 0.207
25 -53.7424 0.8689 1.0958 [-0.22, -0.01, -0.003] 0.223
26 -58.2966 0.8906 1.5318 [-0.221, -0.001, -0.027] 0.224
27 -54.7614 1.0836 0.8998 [-0.206, 0.014, -0.016] 0.220
28 -55.7138 1.1085 1.2520 [-0.222, 0.027, -0.011] 0.211
29 -51.5292 0.9280 0.9880 [-0.229, 0.008, -0.005] 0.222
30 -51.3714 0.7028 0.7922 [-0.229, -0.001, 0.011] 0.207
31 -54.2841 0.9768 0.7384 [-0.21, 0.009, -0.016] 0.206
32 -52.2986 1.3476 0.7521 [-0.245, -0.03, -0.025] 0.214
33 -54.7937 1.0514 0.8010 [-0.244, -0.01, -0.008] 0.220
