1 -56.0908 0.7784 0.9508 [-0.228, -0.017, 0.02] 0.203
2 -61.7920 1.0876 0.7588 [-0.185, -0.015, 0.012] 0.202
3 -62.0734 0.7611 1.2783 [-0.206, -0.045, 0.022] 0.203
4 -58.3612 1.2908 1.0975 [-0.211, -0.036, 0.03] 0.203
5 -53.8070 1.3056 1.0447 [-0.211, -0.059, 0.015] 0.207
6 -62.8818 1.3005 1.0435 [-0.232, -0.063, -0.001] 0.217
7 -63.3655 0.7718 0.9267 [-0.223, -0.016, 0.016] 0.212
8 -55.8249 1.0158 0.7469 [-0.238, -0.05, 0.005] 0.202
9 -57.8692 0.8295 1.1454 [-0.192, -0.055, 0.01] 0.200
10 -55.9448 0.7938 0.9196 [-0.215, -0.064, -0.011] 0.212
11 -57.7147 0.9199 1.2964 [-0.207, -0.072, 0.061] 0.209
12 -52.6527 1.3030 0.6891 [-0.208, -0.052, 0.021] 0.218
13 -59.3110 0.9517 0.9583 [-0.151, -0.059, -0.013] 0.208
14 -55.2862 1.2504 0.7195 [-0.203, -0.028, -0.005] 0.210
15 -53.8238 1.0009 0.5368 [-0.219, -0.021, 0.018] 0.220
16 -55.5716 0.9246 1.0170 [-0.215, -0.028, 0.044] 0.211
17 -55.8585 0.8246 0.6918 [-0.21, -0.023, 0.027] 0.209
18 -60.8452 0.9991 0.8512 [-0.194, -0.008, 0.051] 0.213
19 -59.6883 0.8543 0.9393 [-0.179, -0.018, 0.055] 0.215
20 -48.0639 0.8708 0.7386 [-0.222, -0.03, 0.027] 0.210
21 -54.6703 0.5890 1.0453 [-0.212, 0.004, 0.013] 0.209
22 -52.4855 1.0974 0.8748 [-0.208, -0.001, 0.018] 0.211
23 -53.8314 1.0524 0.9440 [-0.207, -0.012, 0.014] 0.212
24 -55.2881 0.9948 0.9231 [-0.218, -0.013, -0.006] 0.214
25 -57.7990 1.1427 1.3015 [-0.205, -0.005, -0.034] 0.213
26 -54.8900 0.8894 0.9288 [-0.24, -0.005, -0.025] 0.228
27 -55.7348 1.0099 1.1031 [-0.214, 0.012, -0.007] 0.217
28 -54.2879 1.1510 0.7197 [-0.261, 0.037, -0.034] 0.231
29 -54.3720 0.9110 0.5599 [-0.241, 0.01, 0.012] 0.216
30 -56.1468 0.9900 0.4848 [-0.231, 0.012, 0.002] 0.213
31 -53.4505 1.3147 1.0691 [-0.235, -0.022, 0.044] 0.220
32 -55.1127 1.0803 0.8009 [-0.211, -0.019, -0.016] 0.207
33 -54.5046 0.5847 0.8216 [-0.28, -0.012, -0.013] 0.216
