1 -65.7766 0.9264 1.0602 [-0.225, -0.035, -0.011] 0.211
2 -59.5757 0.7820 0.8827 [-0.22, 0.007, 0.011] 0.203
3 -62.3158 1.3411 0.9071 [-0.202, -0.043, 0.029] 0.203
4 -58.7163 1.2566 0.8038 [-0.197, -0.042, -0.012] 0.203
5 -59.5227 1.0981 0.9795 [-0.217, -0.06, 0.009] 0.210
6 -55.4562 0.9800 1.0861 [-0.21, -0.058, 0.035] 0.215
7 -59.4304 0.8418 0.8565 [-0.24, -0.037, 0.014] 0.209
8 -60.3360 0.8053 1.1568 [-0.24, -0.063, -0.0] 0.218
9 -51.1778 1.3439 1.2946 [-0.203, -0.046, 0.018] 0.201
10 -53.1025 1.4056 0.9071 [-0.186, -0.073, 0.007] 0.202
11 -52.9703 1.6601 0.9414 [-0.21, -0.041, 0.036] 0.211
12 -51.1381 1.4085 0.7231 [-0.194, -0.053, 0.03] 0.201
13 -57.8600 0.7271 1.0729 [-0.18, -0.033, 0.023] 0.212
14 -58.5936 0.8164 0.8795 [-0.193, -0.053, 0.013] 0.215
15 -57.9212 1.1773 0.9635 [-0.223, 0.008, 0.017] 0.208
16 -57.7471 1.0756 0.9185 [-0.202, -0.019, 0.017] 0.197
17 -51.9228 0.8472 1.2491 [-0.222, -0.014, 0.017] 0.210
18 -56.5168 0.9706 1.4185 [-0.191, 0.023, 0.053] 0.211
19 -56.8547 1.2067 0.7050 [-0.23, -0.04, 0.046] 0.218
20 -54.9210 0.9295 1.5987 [-0.212, 0.025, 0.034] 0.215
21 -53.8350 0.7848 1.2340 [-0.198, -0.008, -0.005] 0.216
22 -56.8368 0.8583 1.0367 [-0.209, -0.001, 0.001] 0.219
23 -53.3465 0.8366 0.8319 [-0.241, -0.015, 0.024] 0.214
24 -58.5700 0.9461 1.2068 [-0.21, -0.02, -0.0] 0.217
25 -53.7327 1.2671 1.0196 [-0.22, -0.001, 0.016] 0.215
26 -55.1451 0.8555 1.1631 [-0.231, 0.012, -0.007] 0.214
27 -54.6656 1.0676 0.9158 [-0.233, 0.005, -0.016] 0.221
28 -61.7941 1.0396 0.7442 [-0.251, 0.04, -0.028] 0.228
29 -51.2944 1.0226 1.0087 [-0.25, 0.003, 0.019] 0.226
30 -59.1593 1.2440 0.4495 [-0.242, 0.005, 0.02] 0.217
31 -57.7076 1.0432 1.1821 [-0.22, 0.0, -0.006] 0.213
32 -56.8352 1.2605 0.9189 [-0.214, -0.006, -0.032] 0.214
33 -50.5879 1.3363 0.9230 [-0.24, -0.027, 0.023] 0.214
