1 -61.3647 1.0366 0.8717 [-0.198, -0.045, 0.003] 0.200
2 -59.6227 0.9294 1.1020 [-0.218, -0.007, 0.031] 0.204
3 -58.6731 1.2149 0.7685 [-0.216, -0.034, 0.023] 0.210
4 -54.5456 1.2819 0.9394 [-0.234, -0.046, 0.0] 0.211
5 -58.8087 0.6587 0.9004 [-0.196, -0.048, 0.018] 0.201
6 -61.6614 1.3715 0.8319 [-0.244, -0.075, 0.04] 0.217
7 -61.5338 0.9334 0.5553 [-0.211, -0.044, -0.025] 0.209
8 -59.4371 1.0522 1.0649 [-0.211, -0.056, 0.02] 0.205
9 -55.7503 1.5338 0.8156 [-0.207, -0.043, 0.017] 0.201
10 -58.1821 1.0947 0.8200 [-0.19, -0.038, 0.017] 0.204
11 -53.9184 0.9266 1.1754 [-0.209, -0.088, 0.035] 0.214
12 -60.1858 0.8626 1.0496 [-0.192, -0.05, 0.029] 0.214
13 -58.0909 0.9164 0.9351 [-0.177, -0.066, 0.007] 0.215
14 -52.2979 0.9610 1.0757 [-0.21, -0.018, 0.024] 0.198
15 -52.5308 1.0514 0.8352 [-0.222, -0.048, 0.01] 0.219
16 -54.5386 1.1684 1.0112 [-0.202, -0.002, 0.058] 0.198
17 -53.6449 0.8765 1.1666 [-0.225, 0.001, 0.062] 0.205
18 -54.0982 0.8568 1.1703 [-0.168, 0.001, 0.046] 0.205
19 -51.3971 0.9049 0.8639 [-0.226, -0.012, 0.045] 0.220
20 -50.7962 1.0177 1.2009 [-0.243, -0.009, 0.039] 0.221
21 -53.2557 1.4083 0.8917 [-0.217, 0.002, 0.009] 0.212
22 -56.9417 1.4920 0.9772 [-0.22, -0.006, 0.022] 0.226
23 -58.9005 0.9532 1.0014 [-0.204, -0.018, 0.023] 0.225
24 -51.5753 0.8391 1.1580 [-0.22, -0.012, -0.008] 0.215
25 -58.9234 1.5765 0.9821 [-0.202, -0.004, -0.037] 0.222
26 -54.9893 0.6727 1.4258 [-0.216, -0.007, -0.006] 0.215
27 -58.5942 0.9349 1.1680 [-0.234, 0.05, -0.006] 0.215
28 -57.9470 1.1308 0.7017 [-0.223, 0.031, -0.036] 0.222
29 -53.0281 0.8193 1.1078 [-0.208, 0.012, -0.017] 0.205
30 -51.6673 0.9780 1.2422 [-0.225, -0.013, -0.01] 0.212
31 -55.1805 1.1489 0.8148 [-0.239, -0.005, 0.002] 0.210
32 -61.0361 1.1082 0.8150 [-0.222, -0.032, 0.005] 0.217
33 -49.3790 1.0578 0.6436 [-0.256, -0.041, 0.007] 0.219
