1 -58.9185 1.2621 1.0153 [-0.178, -0.034, 0.001] 0.196
2 -63.9961 1.1256 0.9230 [-0.2, -0.052, -0.006] 0.199
3 -55.3298 0.9843 1.0202 [-0.213, -0.053, 0.017] 0.202
4 -59.9111 1.0110 0.8786 [-0.21, -0.055, 0.022] 0.215
5 -55.3416 0.9262 0.7166 [-0.208, -0.058, 0.001] 0.209
6 -61.8628 1.5399 0.8622 [-0.25, -0.061, 0.043] 0.212
7 -58.9848 1.5693 0.7454 [-0.24, -0.014, 0.02] 0.208
8 -59.6681 1.0640 0.9476 [-0.213, -0.074, -0.002] 0.211
9 -60.5014 1.3801 1.3919 [-0.204, -0.065, 0.02] 0.215
10 -56.9650 1.2501 1.0631 [-0.19, -0.051, 0.032] 0.198
11 -55.2405 1.0019 0.9351 [-0.207, -0.057, 0.022] 0.217
12 -56.5562 1.4507 0.8545 [-0.18, -0.079, 0.007] 0.215
13 -59.5071 1.0182 0.7128 [-0.183, -0.05, 0.017] 0.217
14 -56.5480 0.7842 0.7611 [-0.189, -0.028, 0.014] 0.206
15 -55.1659 0.8582 0.8533 [-0.204, -0.002, 0.007] 0.206
16 -50.3212 0.8815 1.2362 [-0.204, -0.022, 0.042] 0.214
17 -53.0585 1.4002 1.0956 [-0.171, -0.019, 0.037] 0.208
18 -53.9522 0.8527 1.0683 [-0.178, -0.003, 0.021] 0.195
19 -50.4127 1.0061 0.8530 [-0.207, -0.015, 0.038] 0.213
20 -54.6849 1.2588 1.0099 [-0.22, -0.016, 0.046] 0.214
21 -57.5398 1.1911 1.0325 [-0.186, -0.004, -0.009] 0.205
22 -58.5888 1.3008 0.5731 [-0.224, -0.008, 0.03] 0.223
23 -52.7987 0.5972 0.9520 [-0.214, -0.004, -0.001] 0.213
24 -53.6019 1.1786 1.1566 [-0.239, -0.021, 0.012] 0.226
25 -59.3538 0.8670 0.9052 [-0.221, 0.026, -0.01] 0.221
26 -55.5792 1.2538 1.0733 [-0.234, -0.024, -0.02] 0.220
27 -51.6153 0.7406 1.2534 [-0.262, 0.012, -0.017] 0.223
28 -61.0390 1.2858 0.7359 [-0.204, 0.042, -0.031] 0.221
29 -56.3094 1.0005 1.2765 [-0.242, 0.012, -0.018] 0.224
30 -54.8454 1.2056 0.8048 [-0.243, 0.02, -0.007] 0.217
31 -52.4875 1.1038 0.9741 [-0.238, -0.005, -0.002] 0.215
32 -49.2320 0.8526 1.0253 [-0.259, -0.019, -0.012] 0.220
33 -54.2941 1.0007 0.6387 [-0.23, -0.035, 0.016] 0.209
