1 -56.7953 0.9186 1.0923 [-0.261, -0.006, 0.008] 0.222
2 -52.2717 0.7828 0.9103 [-0.257, 0.029, 0.027] 0.215
3 -55.8838 1.3170 0.9378 [-0.238, -0.02, 0.033] 0.213
4 -53.0309 1.2493 0.8632 [-0.225, -0.019, -0.01] 0.214
5 -52.9181 1.1014 1.0153 [-0.244, -0.038, 0.006] 0.220
6 -50.3256 1.0050 1.1554 [-0.219, -0.03, 0.016] 0.218
7 -52.8006 0.8625 0.9040 [-0.256, -0.016, 0.014] 0.218
8 -54.6140 0.8412 1.1960 [-0.257, -0.043, -0.006] 0.225
9 -45.6325 1.3377 1.3072 [-0.236, -0.031, 0.021] 0.212
10 -48.2743 1.3922 0.9330 [-0.213, -0.056, 0.014] 0.211
11 -49.6383 1.6403 1.0085 [-0.214, -0.012, 0.018] 0.213
12 -48.3268 1.4012 0.8046 [-0.2, -0.02, 0.009] 0.203
13 -56.4315 0.7696 1.1428 [-0.184, 0.001, 0.0] 0.213
14 -56.2059 0.8564 0.9533 [-0.194, -0.022, -0.008] 0.217
15 -58.1641 1.2040 1.0471 [-0.215, 0.042, -0.021] 0.210
16 -54.9368 1.1143 0.9850 [-0.217, 0.003, -0.023] 0.204
17 -48.4481 0.8909 1.2507 [-0.257, -0.002, -0.005] 0.221
18 -51.5133 0.9945 1.3924 [-0.236, 0.03, 0.044] 0.222
19 -52.8050 1.2064 0.7243 [-0.272, -0.026, 0.042] 0.227
20 -50.2590 0.9524 1.5581 [-0.26, 0.028, 0.041] 0.225
