1 -50.7086 1.2198 0.5994 [-0.252, 0.001, 0.044] 0.226
2 -56.5264 1.4620 0.7140 [-0.208, -0.012, 0.004] 0.214
3 -50.5692 1.1465 1.0875 [-0.25, -0.013, 0.037] 0.217
4 -52.4610 0.8003 0.8180 [-0.239, -0.047, 0.002] 0.213
5 -49.4734 1.3927 0.8867 [-0.235, -0.018, 0.013] 0.221
6 -49.7212 1.1787 1.0186 [-0.242, -0.034, -0.006] 0.215
7 -56.1843 0.8516 0.9482 [-0.235, -0.011, 0.04] 0.214
8 -51.3575 1.2099 1.1888 [-0.258, -0.058, 0.001] 0.224
9 -54.4937 1.4635 0.9670 [-0.236, -0.047, 0.005] 0.216
10 -50.0104 0.9968 1.0103 [-0.216, -0.04, 0.027] 0.212
11 -54.1118 1.1694 1.4197 [-0.187, -0.026, -0.003] 0.213
12 -54.2224 1.0846 1.0765 [-0.183, -0.034, -0.013] 0.210
13 -56.7721 0.9078 1.0269 [-0.193, -0.001, -0.013] 0.214
14 -55.7833 1.0240 1.2394 [-0.174, -0.011, -0.008] 0.206
15 -53.7886 1.0516 1.1111 [-0.241, -0.012, -0.008] 0.228
16 -52.1522 0.9080 1.0397 [-0.214, 0.018, -0.011] 0.215
17 -53.4801 0.7321 1.0596 [-0.239, -0.002, 0.024] 0.225
18 -48.3171 0.8858 1.0378 [-0.236, 0.006, 0.046] 0.224
19 -47.2880 1.0854 1.0599 [-0.266, -0.005, 0.057] 0.225
20 -49.5421 0.7582 0.9047 [-0.26, -0.015, 0.045] 0.219
