1 -51.9038 1.1305 0.7711 [-0.237, -0.032, 0.007] 0.217
2 -56.0205 1.1847 0.9582 [-0.258, 0.001, 0.003] 0.222
3 -55.1150 1.1341 0.8367 [-0.261, -0.022, 0.022] 0.215
4 -56.8418 1.3386 0.8778 [-0.249, 0.002, 0.012] 0.213
5 -48.3832 0.6002 0.8858 [-0.219, -0.019, 0.024] 0.218
6 -54.3532 0.9209 0.9516 [-0.248, -0.017, 0.027] 0.213
7 -52.4244 1.2524 1.0223 [-0.27, -0.007, -0.006] 0.227
8 -50.9643 0.7973 1.1091 [-0.231, -0.018, 0.01] 0.213
9 -52.0048 1.2223 1.0130 [-0.235, -0.044, 0.015] 0.220
10 -52.3274 1.4438 1.0718 [-0.213, -0.008, 0.026] 0.210
11 -51.5984 0.7876 0.9232 [-0.203, -0.055, 0.032] 0.214
12 -54.7801 1.4832 1.1645 [-0.175, -0.04, -0.007] 0.205
13 -58.2193 1.0036 1.0402 [-0.18, -0.042, -0.011] 0.210
14 -53.5818 0.9768 1.2064 [-0.192, -0.007, -0.005] 0.211
15 -51.4016 1.0579 0.9731 [-0.205, 0.012, -0.021] 0.217
16 -51.9641 0.9436 0.9019 [-0.206, 0.001, 0.003] 0.216
17 -51.7335 1.0276 0.9263 [-0.224, -0.0, 0.017] 0.214
18 -50.7242 0.7165 1.2428 [-0.244, 0.016, 0.016] 0.224
19 -46.9521 0.8930 0.9348 [-0.284, 0.005, 0.027] 0.225
20 -47.7438 1.2865 0.7131 [-0.265, -0.021, 0.051] 0.226
