1 -54.9474 0.9981 1.0330 [-0.245, 0.008, 0.004] 0.213
2 -49.5863 0.7884 0.9448 [-0.244, 0.001, 0.015] 0.216
3 -53.4592 0.9781 1.0558 [-0.237, -0.01, -0.007] 0.206
4 -52.5141 1.1078 0.7037 [-0.246, -0.021, 0.007] 0.215
5 -56.6454 0.9713 0.6829 [-0.245, -0.028, 0.035] 0.219
6 -55.5433 1.2848 0.7565 [-0.24, -0.027, 0.013] 0.217
7 -53.4737 1.0024 0.7380 [-0.219, -0.007, 0.007] 0.216
8 -52.5838 1.2981 1.1225 [-0.25, -0.048, -0.013] 0.221
9 -53.1544 1.0377 0.8805 [-0.225, -0.053, 0.057] 0.212
10 -49.3826 1.2990 1.1348 [-0.216, -0.054, 0.018] 0.218
11 -52.7877 1.1994 1.2720 [-0.177, -0.025, 0.006] 0.200
12 -51.2714 0.9207 0.7953 [-0.182, -0.036, 0.024] 0.202
13 -52.8523 0.7410 0.7569 [-0.178, -0.012, -0.008] 0.207
14 -58.1400 1.2027 0.7015 [-0.186, -0.013, -0.011] 0.212
15 -54.7671 0.9232 1.2530 [-0.192, 0.011, -0.024] 0.216
16 -47.7256 0.6978 1.0061 [-0.226, 0.002, 0.005] 0.207
17 -48.9184 0.7623 1.0769 [-0.226, 0.003, 0.02] 0.224
18 -48.2584 0.6262 1.1461 [-0.274, -0.01, 0.028] 0.217
19 -51.5083 0.7225 1.0095 [-0.24, 0.031, 0.045] 0.227
20 -48.5995 1.1248 0.7535 [-0.266, -0.015, 0.043] 0.225
