1 -53.6304 1.0177 0.9018 [-0.235, -0.015, 0.021] 0.211
2 -51.6918 0.9215 1.1145 [-0.257, 0.016, 0.046] 0.217
3 -52.3412 1.1986 0.8022 [-0.25, -0.012, 0.028] 0.220
4 -49.9097 1.2707 0.9844 [-0.26, -0.023, 0.002] 0.221
5 -53.3846 0.6934 0.9431 [-0.22, -0.027, 0.014] 0.209
6 -54.9527 1.3664 0.9048 [-0.252, -0.046, 0.021] 0.222
7 -56.8613 0.9467 0.6192 [-0.227, -0.023, -0.022] 0.218
8 -52.5716 1.0691 1.1016 [-0.228, -0.037, 0.013] 0.213
9 -49.9616 1.5096 0.8493 [-0.24, -0.028, 0.02] 0.211
10 -53.1092 1.0972 0.8448 [-0.217, -0.025, 0.024] 0.215
11 -48.4185 0.9528 1.2254 [-0.213, -0.056, 0.018] 0.214
12 -56.7093 0.8951 1.1178 [-0.199, -0.017, 0.008] 0.216
13 -55.7426 0.9421 1.0042 [-0.181, -0.03, -0.015] 0.218
14 -50.5276 0.9871 1.1241 [-0.21, 0.01, 0.002] 0.204
15 -51.9145 1.0860 0.9342 [-0.213, -0.01, -0.028] 0.219
16 -51.8298 1.2018 1.0691 [-0.216, 0.02, 0.015] 0.202
17 -49.5668 0.9182 1.1681 [-0.259, 0.012, 0.037] 0.212
18 -50.5565 0.8892 1.1606 [-0.214, 0.009, 0.037] 0.215
19 -46.7444 0.9273 0.8842 [-0.268, 0.0, 0.042] 0.229
20 -47.1517 1.0296 1.1749 [-0.288, -0.005, 0.046] 0.232
