1 -50.6849 0.7769 0.9753 [-0.264, 0.01, 0.036] 0.217
2 -54.9063 1.0683 0.7891 [-0.225, 0.009, 0.028] 0.213
3 -55.5837 0.7791 1.2888 [-0.24, -0.021, 0.027] 0.214
4 -52.2168 1.2793 1.1365 [-0.238, -0.013, 0.03] 0.212
5 -48.9824 1.3039 1.0941 [-0.235, -0.037, 0.011] 0.216
6 -55.5103 1.2992 1.1048 [-0.241, -0.034, -0.017] 0.221
7 -57.5342 0.8007 0.9770 [-0.238, 0.003, 0.016] 0.220
8 -49.9022 1.0317 0.7963 [-0.253, -0.031, -0.001] 0.209
9 -51.8624 0.8533 1.1591 [-0.226, -0.039, 0.013] 0.211
10 -49.6572 0.8179 0.9361 [-0.241, -0.048, -0.002] 0.220
11 -52.0248 0.9501 1.3436 [-0.212, -0.041, 0.041] 0.209
12 -49.9683 1.3023 0.7641 [-0.212, -0.019, 0.0] 0.220
13 -58.6418 0.9824 1.0392 [-0.157, -0.024, -0.033] 0.213
14 -54.1199 1.2592 0.7971 [-0.204, 0.001, -0.024] 0.213
15 -53.2892 1.0337 0.6277 [-0.21, 0.014, -0.019] 0.219
16 -53.1643 0.9740 1.0707 [-0.23, -0.004, 0.002] 0.215
17 -52.4192 0.8695 0.7262 [-0.244, -0.011, 0.004] 0.217
18 -56.9046 1.0184 0.8576 [-0.239, 0.001, 0.042] 0.221
19 -55.9520 0.8764 0.9410 [-0.224, -0.006, 0.051] 0.223
20 -43.7657 0.8867 0.7293 [-0.27, -0.024, 0.035] 0.222
