1 -51.6259 1.2390 1.0586 [-0.215, -0.005, 0.019] 0.209
2 -56.6280 1.1047 0.9505 [-0.238, -0.026, 0.012] 0.209
3 -48.3812 0.9829 1.0366 [-0.246, -0.029, 0.022] 0.212
4 -53.4448 1.0145 0.9179 [-0.236, -0.032, 0.022] 0.224
5 -50.2123 0.9392 0.7677 [-0.234, -0.036, -0.002] 0.218
6 -53.4841 1.5199 0.9337 [-0.258, -0.033, 0.024] 0.217
7 -54.1329 1.5412 0.8000 [-0.255, 0.005, 0.02] 0.217
8 -53.9660 1.0801 0.9885 [-0.232, -0.054, -0.008] 0.220
9 -55.8305 1.3731 1.3995 [-0.236, -0.048, 0.022] 0.223
10 -50.9435 1.2481 1.0883 [-0.217, -0.036, 0.037] 0.208
11 -51.9894 1.0189 0.9881 [-0.21, -0.027, 0.005] 0.220
12 -53.3252 1.4462 0.9389 [-0.185, -0.044, -0.012] 0.217
13 -56.9732 1.0352 0.7941 [-0.187, -0.015, -0.005] 0.218
14 -54.6696 0.8228 0.8283 [-0.19, 0.001, -0.007] 0.209
15 -56.4467 0.9040 0.9404 [-0.197, 0.033, -0.031] 0.209
16 -47.9358 0.9333 1.2835 [-0.219, 0.001, -0.0] 0.220
17 -49.9384 1.4115 1.1117 [-0.208, -0.006, 0.014] 0.216
18 -49.9023 0.8830 1.0644 [-0.223, 0.005, 0.015] 0.205
19 -46.8771 1.0211 0.8700 [-0.25, -0.002, 0.036] 0.222
20 -50.9159 1.2585 1.0050 [-0.268, -0.011, 0.052] 0.225
