1 -55.2644 1.1036 1.0572 [-0.239, -0.017, 0.008] 0.220
2 -56.1872 0.8481 1.0005 [-0.251, 0.019, 0.033] 0.219
3 -49.7973 0.7914 0.6834 [-0.25, 0.004, 0.029] 0.212
4 -50.9296 1.0111 0.8811 [-0.276, -0.004, 0.029] 0.224
5 -55.1171 1.0702 0.8352 [-0.234, -0.032, 0.022] 0.210
6 -52.8583 1.3138 0.8633 [-0.247, -0.019, 0.017] 0.216
7 -56.0143 0.9221 1.1184 [-0.221, -0.032, 0.009] 0.220
8 -52.7274 1.1888 0.6268 [-0.259, -0.037, 0.017] 0.214
9 -51.0623 1.0748 1.0628 [-0.238, -0.053, 0.013] 0.217
10 -51.6233 0.9922 0.7620 [-0.221, -0.031, 0.018] 0.211
11 -46.2288 1.3149 1.0073 [-0.204, -0.041, 0.002] 0.222
12 -54.7234 1.0077 0.8929 [-0.192, -0.019, 0.007] 0.209
13 -56.9531 1.0518 1.1081 [-0.172, -0.001, -0.01] 0.207
14 -56.2621 0.7441 1.3332 [-0.181, 0.002, -0.017] 0.208
15 -53.0276 1.5561 0.8465 [-0.203, 0.001, -0.025] 0.213
16 -57.3121 1.1863 0.8695 [-0.234, -0.01, -0.008] 0.223
17 -50.3820 1.0961 1.2222 [-0.224, -0.001, 0.006] 0.213
18 -53.3383 1.0527 0.9390 [-0.239, 0.006, 0.019] 0.225
19 -51.6570 1.1228 1.0361 [-0.296, 0.005, 0.037] 0.237
20 -51.1735 1.1100 0.7042 [-0.276, -0.002, 0.067] 0.222
