1 -80.7786 1.2525 1.0390 [-0.019, 0.004, 0.017] 0.171
2 -85.7843 1.1299 0.9454 [-0.032, -0.034, 0.01] 0.174
3 -76.8217 0.9701 1.0599 [-0.054, -0.035, 0.034] 0.174
4 -82.2945 0.9787 0.8532 [-0.047, -0.03, 0.037] 0.185
5 -75.0427 0.8997 0.6833 [-0.058, -0.039, 0.003] 0.178
6 -82.5632 1.5896 0.8293 [-0.07, -0.044, 0.032] 0.175
7 -81.5055 1.6067 0.7288 [-0.061, 0.007, 0.038] 0.174
8 -79.7620 1.0419 0.9297 [-0.036, -0.055, 0.008] 0.179
9 -79.5236 1.3708 1.4032 [-0.036, -0.043, 0.039] 0.182
10 -78.5096 1.2547 1.0675 [-0.026, -0.036, 0.038] 0.166
11 -78.1872 1.0069 1.0135 [-0.035, -0.027, -0.007] 0.183
12 -82.0236 1.4968 0.8667 [-0.004, -0.057, -0.02] 0.183
13 -79.2658 0.9775 0.6191 [-0.026, -0.036, 0.026] 0.188
14 -80.8450 0.7469 0.7605 [-0.016, -0.005, 0.008] 0.173
15 -80.2888 0.8264 0.8048 [-0.027, 0.019, -0.017] 0.170
16 -71.8542 0.8563 1.2826 [-0.049, -0.0, 0.017] 0.181
17 -76.3759 1.4462 1.1149 [-0.042, -0.008, 0.018] 0.182
18 -74.8915 0.8254 1.0658 [-0.063, 0.003, 0.01] 0.172
19 -68.6756 1.0105 0.8138 [-0.085, -0.009, 0.013] 0.182
20 -73.2850 1.2819 0.9549 [-0.103, -0.016, 0.032] 0.184
21 -76.5777 1.2028 1.0023 [-0.054, -0.011, -0.003] 0.176
22 -76.7780 1.3314 0.5277 [-0.09, 0.002, 0.028] 0.194
23 -72.1779 0.5105 0.9494 [-0.09, 0.008, -0.004] 0.179
24 -71.9758 1.1606 1.1814 [-0.118, -0.005, 0.016] 0.191
25 -81.9447 0.8101 0.8723 [-0.102, 0.044, -0.012] 0.189
26 -75.4278 1.2520 1.0465 [-0.103, -0.011, -0.031] 0.187
27 -71.1413 0.6733 1.2574 [-0.15, 0.016, -0.023] 0.189
28 -78.5105 1.3101 0.6805 [-0.098, 0.044, -0.032] 0.195
29 -74.1092 0.9730 1.2506 [-0.142, 0.006, -0.025] 0.196
30 -75.4903 1.2258 0.7335 [-0.14, 0.016, -0.017] 0.187
31 -69.8161 1.0763 0.8797 [-0.154, -0.024, 0.021] 0.194
32 -63.7962 0.7618 0.9451 [-0.178, -0.032, 0.022] 0.193
33 -71.0585 0.9664 0.5198 [-0.135, -0.066, 0.042] 0.184
34 -64.4996 0.8954 1.1156 [-0.143, -0.071, 0.025] 0.190
35 -70.2868 1.3302 0.9559 [-0.175, -0.09, 0.027] 0.209
36 -73.6050 0.7514 1.1991 [-0.184, -0.071, 0.019] 0.198
37 -67.9424 1.1188 1.0149 [-0.188, -0.037, 0.013] 0.193
38 -68.4012 0.6726 1.3083 [-0.172, -0.054, 0.042] 0.182
39 -67.9468 1.2662 0.9571 [-0.166, -0.067, 0.025] 0.188
40 -69.4588 1.3439 0.5285 [-0.146, -0.077, 0.014] 0.188
41 -65.4065 0.8867 0.7891 [-0.146, -0.084, 0.036] 0.195
42 -60.8131 1.1449 0.6304 [-0.153, -0.06, 0.035] 0.189
43 -62.1047 1.0484 0.8292 [-0.184, -0.048, 0.028] 0.198
44 -65.6159 0.9602 0.8443 [-0.138, -0.048, 0.033] 0.196
45 -62.0079 1.1682 0.6955 [-0.158, -0.039, 0.019] 0.194
46 -57.8909 1.0702 1.0558 [-0.173, -0.05, 0.038] 0.199
47 -61.6113 1.2290 1.0996 [-0.18, -0.062, 0.021] 0.204
48 -60.2553 1.1043 0.9739 [-0.196, -0.06, 0.015] 0.199
49 -59.8387 1.0034 0.9836 [-0.208, -0.064, 0.018] 0.212
50 -62.1615 1.0374 1.1279 [-0.202, -0.051, 0.014] 0.201
