1 -85.9250 0.9760 1.0033 [-0.055, 0.02, -0.002] 0.171
2 -76.6534 0.7556 0.9514 [-0.038, -0.002, 0.015] 0.173
3 -83.7413 0.9673 1.0964 [-0.042, -0.012, 0.0] 0.166
4 -83.2928 1.1061 0.6687 [-0.057, -0.017, 0.02] 0.183
5 -81.8914 0.9429 0.6254 [-0.071, -0.03, 0.047] 0.183
6 -82.0241 1.3262 0.7038 [-0.045, -0.037, 0.019] 0.174
7 -81.6747 0.9783 0.6845 [-0.017, -0.007, 0.022] 0.182
8 -77.1868 1.2903 1.0651 [-0.056, -0.048, 0.003] 0.173
9 -79.6051 0.9895 0.7973 [-0.023, -0.048, 0.079] 0.177
10 -70.1804 1.3114 1.1168 [-0.026, -0.057, 0.015] 0.180
11 -82.2068 1.1927 1.2480 [0.005, -0.025, -0.006] 0.162
12 -77.9679 0.8907 0.7591 [0.0, -0.047, 0.024] 0.173
13 -77.2942 0.6441 0.6329 [-0.015, -0.031, 0.022] 0.173
14 -84.7970 1.1944 0.5695 [-0.01, -0.022, 0.003] 0.176
15 -77.9370 0.8663 1.2320 [-0.021, -0.007, -0.008] 0.178
16 -72.8409 0.5965 1.0212 [-0.057, 0.001, 0.023] 0.166
17 -73.1301 0.6580 1.0260 [-0.062, 0.003, 0.025] 0.189
18 -76.4797 0.5183 1.1769 [-0.122, -0.016, 0.025] 0.182
19 -74.6655 0.6382 0.9567 [-0.074, 0.032, 0.025] 0.190
20 -69.4712 1.1329 0.6814 [-0.101, -0.022, 0.022] 0.183
21 -78.5177 0.9266 0.9789 [-0.081, -0.016, 0.021] 0.181
22 -71.1317 1.1899 0.9344 [-0.087, 0.02, 0.016] 0.169
23 -75.1371 1.3371 0.9041 [-0.059, -0.004, -0.008] 0.172
24 -77.1093 1.3733 0.8477 [-0.079, 0.025, 0.004] 0.190
25 -76.7390 0.9349 0.7770 [-0.121, 0.015, -0.039] 0.190
26 -75.0092 0.8643 1.2363 [-0.091, 0.017, -0.038] 0.183
27 -74.1384 1.2315 0.9014 [-0.113, -0.012, -0.028] 0.183
28 -72.5067 1.0358 1.1299 [-0.121, 0.034, -0.009] 0.185
29 -77.1821 0.6065 1.3988 [-0.145, 0.01, -0.029] 0.197
30 -74.3416 1.1343 0.6976 [-0.14, -0.014, 0.001] 0.194
31 -72.6082 1.0527 0.6178 [-0.148, -0.006, 0.045] 0.194
32 -77.0447 0.8226 1.2010 [-0.147, -0.044, 0.034] 0.192
33 -68.2883 1.2372 1.1843 [-0.162, -0.052, 0.017] 0.197
34 -68.9688 1.2403 0.4233 [-0.157, -0.048, 0.052] 0.195
35 -68.2106 0.9153 0.8053 [-0.187, -0.082, 0.053] 0.195
36 -74.5633 0.9706 0.4522 [-0.197, -0.07, 0.037] 0.213
37 -64.3347 1.0627 1.0034 [-0.188, -0.045, -0.006] 0.195
38 -67.7532 1.0408 0.8769 [-0.183, -0.049, 0.029] 0.201
39 -67.2116 1.2030 0.7002 [-0.19, -0.045, 0.035] 0.196
40 -63.3008 1.3350 0.8879 [-0.166, -0.054, 0.024] 0.193
41 -69.2531 1.1589 0.8910 [-0.168, -0.082, 0.015] 0.200
42 -66.8975 1.2863 1.3114 [-0.175, -0.07, 0.039] 0.201
43 -62.3017 1.1855 0.8732 [-0.181, -0.078, 0.057] 0.207
44 -61.3703 1.3248 0.6439 [-0.149, -0.059, 0.028] 0.191
45 -64.0632 0.8812 0.5840 [-0.165, -0.043, 0.023] 0.196
46 -62.8180 0.7229 1.1796 [-0.167, -0.054, 0.01] 0.195
47 -64.7701 0.8950 0.9234 [-0.177, -0.051, 0.004] 0.196
48 -59.5764 0.8015 1.1050 [-0.212, -0.034, -0.016] 0.204
49 -60.3138 1.1833 0.8329 [-0.243, -0.058, 0.026] 0.222
50 -61.0381 1.2685 0.9949 [-0.207, -0.079, 0.002] 0.210
