1 -90.0960 0.8867 1.0940 [-0.071, 0.003, 0.004] 0.183
2 -83.6615 0.7525 0.8939 [-0.056, 0.03, 0.028] 0.177
3 -82.1755 1.3656 0.9391 [-0.043, -0.025, 0.048] 0.179
4 -82.4112 1.2519 0.7746 [-0.033, -0.015, -0.0] 0.172
5 -81.6340 1.0850 0.9657 [-0.068, -0.041, 0.012] 0.180
6 -78.4142 0.9651 1.0935 [-0.024, -0.04, 0.023] 0.182
7 -81.4217 0.8151 0.9065 [-0.059, -0.019, 0.031] 0.177
8 -79.9803 0.7522 1.1770 [-0.063, -0.042, 0.01] 0.184
9 -74.9695 1.3344 1.2969 [-0.034, -0.022, 0.037] 0.174
10 -74.4161 1.4305 0.8999 [-0.022, -0.06, 0.011] 0.172
11 -76.8697 1.6984 0.8797 [-0.039, -0.009, 0.008] 0.175
12 -73.9813 1.4583 0.7484 [-0.017, -0.028, 0.005] 0.167
13 -79.4646 0.6662 1.0592 [-0.022, -0.016, 0.032] 0.180
14 -79.5350 0.7943 0.9432 [-0.021, -0.033, 0.009] 0.181
15 -82.4010 1.2124 1.0315 [-0.048, 0.03, -0.005] 0.170
16 -83.4597 1.0792 0.9277 [-0.046, 0.003, -0.01] 0.166
17 -73.3113 0.8271 1.2934 [-0.098, -0.003, -0.005] 0.178
18 -78.1936 0.9579 1.4634 [-0.079, 0.032, 0.046] 0.188
19 -73.4380 1.2374 0.6661 [-0.11, -0.037, 0.022] 0.190
20 -74.5389 0.9049 1.6252 [-0.095, 0.03, 0.019] 0.187
21 -72.8801 0.7449 1.2489 [-0.067, -0.016, 0.001] 0.185
22 -77.6596 0.8048 0.9742 [-0.069, 0.009, -0.004] 0.185
23 -73.0230 0.7818 0.7965 [-0.119, -0.004, 0.023] 0.181
24 -78.6177 0.8856 1.2189 [-0.086, -0.003, 0.001] 0.188
25 -71.1105 1.2672 1.0099 [-0.102, 0.013, 0.017] 0.182
26 -77.2899 0.7962 1.1510 [-0.102, 0.031, -0.017] 0.181
27 -71.5532 1.0496 0.8607 [-0.116, 0.008, -0.022] 0.183
28 -82.3392 1.0244 0.6626 [-0.146, 0.042, -0.029] 0.199
29 -67.5236 1.0151 0.9982 [-0.149, -0.005, 0.016] 0.199
30 -76.0862 1.2735 0.3494 [-0.141, -0.002, 0.013] 0.185
31 -74.6869 1.0080 1.1509 [-0.137, -0.017, 0.016] 0.191
32 -71.7733 1.2353 0.8471 [-0.127, -0.017, -0.0] 0.187
33 -68.6729 1.3438 0.8233 [-0.148, -0.056, 0.049] 0.194
34 -64.9056 1.1307 0.5804 [-0.142, -0.055, 0.054] 0.204
35 -69.4418 1.3370 0.7975 [-0.193, -0.08, 0.04] 0.213
36 -68.5736 1.1603 0.8408 [-0.174, -0.058, 0.031] 0.197
37 -68.2342 1.1950 0.8833 [-0.188, -0.067, 0.012] 0.201
38 -64.9802 1.1890 0.4603 [-0.187, -0.073, 0.061] 0.197
39 -65.5309 1.4329 0.8488 [-0.164, -0.092, 0.032] 0.194
40 -65.3447 0.9294 0.8242 [-0.161, -0.05, 0.034] 0.194
41 -63.8691 0.5390 0.9022 [-0.158, -0.056, 0.024] 0.193
42 -62.3734 1.2954 0.9884 [-0.167, -0.067, 0.018] 0.190
43 -64.3879 1.3317 0.7055 [-0.156, -0.047, 0.041] 0.197
44 -70.5356 1.6105 0.7950 [-0.138, -0.067, 0.038] 0.194
45 -63.1163 1.0089 1.1036 [-0.139, -0.073, 0.001] 0.190
46 -67.6750 1.1978 1.0640 [-0.186, -0.061, 0.026] 0.198
47 -62.7369 0.9014 0.8005 [-0.185, -0.044, 0.015] 0.195
48 -61.0562 1.0571 1.2007 [-0.189, -0.031, -0.013] 0.193
49 -64.2040 1.0281 0.8201 [-0.212, -0.031, 0.009] 0.203
50 -60.8936 1.0590 0.7439 [-0.205, -0.038, -0.002] 0.199
