1 -78.1244 0.7278 0.9785 [-0.074, 0.022, 0.037] 0.172
2 -84.4753 1.0939 0.7825 [-0.017, 0.006, 0.03] 0.181
3 -84.0799 0.7194 1.3265 [-0.046, -0.026, 0.04] 0.176
4 -80.9693 1.2777 1.0768 [-0.048, -0.008, 0.046] 0.175
5 -75.7074 1.3039 1.0192 [-0.062, -0.04, 0.019] 0.175
6 -85.3764 1.3235 1.0494 [-0.047, -0.046, -0.017] 0.183
7 -85.4101 0.7072 0.8632 [-0.044, 0.005, 0.032] 0.183
8 -78.2792 0.9895 0.7030 [-0.064, -0.027, 0.016] 0.169
9 -79.3174 0.7672 1.1354 [-0.022, -0.031, 0.028] 0.170
10 -79.9198 0.7566 0.9382 [-0.054, -0.05, -0.009] 0.184
11 -78.4014 0.9103 1.3947 [-0.036, -0.043, 0.036] 0.174
12 -79.4621 1.3379 0.6947 [-0.033, -0.027, -0.005] 0.182
13 -80.0911 0.9214 0.9531 [0.009, -0.046, -0.007] 0.177
14 -79.9967 1.2745 0.7364 [-0.032, -0.005, -0.012] 0.173
15 -77.6273 1.0043 0.4877 [-0.044, -0.003, -0.004] 0.184
16 -75.5840 0.9200 1.0813 [-0.06, -0.007, 0.02] 0.180
17 -75.8924 0.8060 0.6835 [-0.085, -0.013, 0.006] 0.181
18 -80.5776 0.9920 0.8198 [-0.081, -0.003, 0.043] 0.187
19 -78.6921 0.8403 0.9378 [-0.055, -0.012, 0.032] 0.186
20 -68.5204 0.8600 0.6972 [-0.105, -0.032, 0.012] 0.179
21 -74.5779 0.5087 0.9736 [-0.083, -0.002, 0.022] 0.177
22 -73.6009 1.0920 0.8572 [-0.069, 0.009, 0.015] 0.181
23 -75.6622 1.0300 0.9423 [-0.08, -0.001, 0.013] 0.181
24 -75.9097 0.9446 0.8779 [-0.095, 0.004, -0.005] 0.181
25 -75.6600 1.1089 1.2957 [-0.084, 0.008, -0.039] 0.178
26 -75.0976 0.8461 0.9136 [-0.108, 0.011, -0.037] 0.191
27 -75.8743 0.9890 1.1082 [-0.094, 0.016, -0.012] 0.189
28 -70.3330 1.1509 0.6309 [-0.16, 0.039, -0.035] 0.199
29 -71.3744 0.8932 0.4835 [-0.141, 0.003, 0.008] 0.184
30 -76.4240 0.9898 0.4100 [-0.127, 0.006, -0.006] 0.188
31 -70.6835 1.3263 1.0256 [-0.151, -0.043, 0.073] 0.201
32 -70.7877 1.0250 0.6821 [-0.122, -0.032, 0.018] 0.183
33 -74.6267 0.4884 0.7250 [-0.194, -0.039, 0.009] 0.189
34 -65.8988 0.6959 0.7930 [-0.152, -0.051, 0.026] 0.185
35 -71.6131 1.0833 0.9653 [-0.145, -0.105, 0.021] 0.195
36 -67.2829 0.8914 1.2618 [-0.156, -0.053, 0.054] 0.200
37 -76.5208 1.4936 0.8831 [-0.21, -0.067, 0.022] 0.210
38 -68.4753 0.8266 0.9335 [-0.167, -0.054, 0.045] 0.197
39 -70.3999 1.2159 1.0663 [-0.177, -0.087, 0.046] 0.200
40 -68.7279 0.9680 1.1992 [-0.164, -0.085, 0.031] 0.198
41 -68.0451 0.8481 0.9406 [-0.17, -0.093, 0.02] 0.196
42 -66.6997 0.9293 1.0777 [-0.185, -0.092, 0.043] 0.208
43 -62.8403 0.5532 0.5730 [-0.154, -0.043, 0.037] 0.191
44 -66.3724 1.1413 0.6133 [-0.141, -0.05, 0.015] 0.194
45 -65.1516 1.1673 0.7766 [-0.164, -0.071, -0.004] 0.208
46 -65.7144 0.9685 1.0476 [-0.161, -0.064, 0.013] 0.200
47 -58.1844 0.8838 1.1554 [-0.168, -0.05, 0.021] 0.200
48 -60.3945 1.5213 1.0061 [-0.198, -0.034, -0.01] 0.198
49 -65.8270 1.1971 0.9556 [-0.215, -0.062, 0.025] 0.203
50 -57.8618 0.9925 1.4127 [-0.199, -0.04, -0.004] 0.200
