1 -79.9083 1.1454 0.7641 [-0.044, -0.027, 0.002] 0.177
2 -83.0725 1.2099 0.8805 [-0.057, -0.003, 0.0] 0.182
3 -82.6703 1.1193 0.7171 [-0.071, -0.027, 0.034] 0.179
4 -87.1030 1.3510 0.7779 [-0.063, 0.011, 0.025] 0.179
5 -78.0250 0.4912 0.8145 [-0.043, -0.018, 0.035] 0.184
6 -83.2616 0.8904 0.9208 [-0.055, -0.025, 0.036] 0.173
7 -81.3113 1.2714 1.0030 [-0.077, -0.008, 0.006] 0.178
8 -76.8416 0.7218 1.1497 [-0.031, -0.011, 0.029] 0.167
9 -77.7405 1.2076 0.9707 [-0.032, -0.037, 0.029] 0.173
10 -79.8115 1.4793 1.0135 [-0.025, -0.003, 0.025] 0.171
11 -77.5009 0.7038 0.8425 [-0.028, -0.061, 0.027] 0.184
12 -82.0253 1.5397 1.1380 [0.011, -0.052, -0.014] 0.171
13 -83.4468 0.9539 0.9769 [-0.017, -0.068, 0.019] 0.182
14 -78.5079 0.9264 1.1964 [-0.02, -0.015, 0.01] 0.172
15 -76.1563 1.0076 0.8352 [-0.038, -0.006, -0.006] 0.181
16 -73.3015 0.8656 0.7919 [-0.036, -0.0, 0.02] 0.183
17 -77.0071 0.9976 0.9231 [-0.062, -0.001, 0.022] 0.182
18 -73.4406 0.6269 1.2955 [-0.089, 0.015, 0.011] 0.186
19 -70.8312 0.8610 0.9083 [-0.126, 0.0, 0.002] 0.184
20 -70.8434 1.3220 0.6069 [-0.098, -0.028, 0.03] 0.185
21 -69.9065 0.8720 0.9791 [-0.109, 0.023, 0.027] 0.189
22 -74.2016 1.3237 1.2920 [-0.06, 0.007, 0.018] 0.175
23 -75.6883 1.0795 0.5604 [-0.114, 0.007, 0.006] 0.185
24 -73.3256 0.6978 1.3028 [-0.104, 0.004, -0.002] 0.171
25 -74.3307 0.8075 1.0766 [-0.103, 0.003, -0.004] 0.192
26 -77.2876 0.8350 1.5938 [-0.09, 0.015, -0.039] 0.188
27 -73.7072 1.0842 0.8931 [-0.09, 0.018, -0.022] 0.183
28 -73.8094 1.0990 1.2518 [-0.114, 0.027, -0.01] 0.180
29 -68.2619 0.8930 0.9190 [-0.127, 0.001, -0.011] 0.194
30 -68.3559 0.6548 0.7618 [-0.126, -0.008, 0.003] 0.173
31 -70.6649 0.9444 0.6587 [-0.124, -0.007, 0.006] 0.184
32 -71.6201 1.3367 0.6501 [-0.16, -0.045, 0.007] 0.186
33 -72.9919 1.0255 0.7176 [-0.149, -0.037, 0.015] 0.194
34 -72.7401 0.9535 0.8920 [-0.158, -0.059, -0.004] 0.189
35 -67.3394 0.6980 0.6485 [-0.165, -0.074, 0.039] 0.201
36 -69.0870 1.1679 1.2271 [-0.176, -0.08, 0.011] 0.201
37 -61.3892 1.0758 0.9911 [-0.201, -0.053, 0.012] 0.198
38 -70.0983 1.4473 0.3902 [-0.156, -0.059, 0.027] 0.192
39 -66.0816 1.5140 0.6742 [-0.184, -0.071, 0.026] 0.201
40 -62.5087 1.1151 1.0157 [-0.195, -0.065, 0.036] 0.199
41 -65.7370 1.0491 0.5251 [-0.169, -0.074, 0.029] 0.200
42 -64.2650 1.1920 0.8826 [-0.172, -0.062, 0.027] 0.199
43 -64.9034 0.9339 0.9154 [-0.168, -0.062, 0.021] 0.206
44 -62.2329 1.2685 0.7477 [-0.14, -0.068, 0.006] 0.202
45 -61.1074 1.0508 0.7780 [-0.136, -0.065, 0.014] 0.197
46 -63.2270 1.0725 0.8671 [-0.174, -0.062, 0.053] 0.213
47 -61.3774 0.7684 1.3384 [-0.182, -0.066, -0.009] 0.204
48 -58.3175 0.5846 1.2231 [-0.214, -0.033, 0.001] 0.205
49 -64.4821 1.1932 0.8480 [-0.225, -0.067, 0.029] 0.207
50 -62.7514 1.0353 1.0389 [-0.193, -0.045, -0.012] 0.205
