1 -84.0844 1.1070 1.0715 [-0.046, -0.01, 0.004] 0.175
2 -84.9929 0.8033 0.9327 [-0.046, 0.019, 0.036] 0.177
3 -77.9778 0.7289 0.5635 [-0.056, 0.003, 0.043] 0.173
4 -80.7546 0.9628 0.7730 [-0.09, 0.004, 0.046] 0.180
5 -84.3419 1.0504 0.7677 [-0.061, -0.034, 0.031] 0.180
6 -81.0155 1.3550 0.8053 [-0.059, -0.028, 0.023] 0.182
7 -83.6864 0.8631 1.0917 [-0.018, -0.038, 0.024] 0.177
8 -79.6637 1.1754 0.4895 [-0.063, -0.034, 0.037] 0.175
9 -78.3784 1.0348 1.0496 [-0.036, -0.048, 0.027] 0.174
10 -79.0657 0.9742 0.7551 [-0.032, -0.029, 0.016] 0.171
11 -71.5251 1.3480 1.0250 [-0.03, -0.044, -0.011] 0.181
12 -85.7773 0.9937 0.8720 [-0.009, -0.026, 0.003] 0.178
13 -81.0832 1.0116 1.0472 [-0.008, -0.018, 0.021] 0.175
14 -81.7670 0.6318 1.2855 [-0.004, -0.004, -0.004] 0.172
15 -75.6116 1.6326 0.7934 [-0.036, -0.019, -0.011] 0.171
16 -81.8483 1.1524 0.7396 [-0.065, -0.013, 0.007] 0.187
17 -75.8995 1.0684 1.2442 [-0.059, -0.002, 0.009] 0.171
18 -76.0144 1.0076 0.8439 [-0.08, 0.004, 0.016] 0.187
19 -74.0238 1.1187 0.9904 [-0.138, 0.001, 0.014] 0.190
20 -74.9383 1.1251 0.6607 [-0.113, -0.005, 0.049] 0.182
21 -72.4456 1.0314 0.9673 [-0.075, -0.039, 0.03] 0.177
22 -70.7929 0.9136 1.0452 [-0.103, 0.008, 0.025] 0.182
23 -75.8939 0.9030 1.1540 [-0.074, 0.013, -0.001] 0.193
24 -79.0650 0.6691 1.4764 [-0.103, -0.001, -0.021] 0.187
25 -76.9786 1.0015 1.2621 [-0.123, 0.029, -0.014] 0.192
26 -76.9062 1.1484 1.0239 [-0.125, 0.04, -0.042] 0.193
27 -72.4611 1.2213 0.9513 [-0.108, 0.02, -0.004] 0.184
28 -78.3450 1.1643 0.3309 [-0.121, 0.045, -0.017] 0.187
29 -69.7836 1.1451 0.5323 [-0.146, -0.015, 0.014] 0.196
30 -73.0999 1.5560 1.1278 [-0.167, -0.002, -0.005] 0.193
31 -70.9833 0.7992 1.1744 [-0.162, -0.03, 0.024] 0.197
32 -76.2655 1.0730 0.7440 [-0.12, -0.039, 0.027] 0.195
33 -67.4995 1.2777 0.8931 [-0.154, -0.068, 0.017] 0.196
34 -70.1942 1.0698 0.7658 [-0.158, -0.071, 0.056] 0.197
35 -63.1825 0.7053 0.9078 [-0.14, -0.075, 0.05] 0.193
36 -67.3119 0.8441 0.9474 [-0.19, -0.077, 0.053] 0.193
37 -67.2887 1.3680 0.8479 [-0.146, -0.029, 0.028] 0.192
38 -63.6517 1.0370 0.7150 [-0.149, -0.054, 0.045] 0.191
39 -69.5862 0.9018 0.8805 [-0.18, -0.067, 0.028] 0.192
40 -65.2619 0.9478 0.7648 [-0.157, -0.076, 0.056] 0.200
41 -64.4372 0.9116 1.3747 [-0.148, -0.065, 0.02] 0.192
42 -67.7232 1.0912 1.1142 [-0.128, -0.058, 0.013] 0.194
43 -66.4326 0.7406 1.0171 [-0.154, -0.051, 0.027] 0.190
44 -67.1244 0.7225 1.5262 [-0.144, -0.049, 0.031] 0.203
45 -63.2789 1.0955 0.6579 [-0.14, -0.031, 0.003] 0.191
46 -66.4663 1.3300 0.8885 [-0.21, -0.059, 0.053] 0.203
47 -60.6328 0.7696 1.0960 [-0.157, -0.076, 0.014] 0.197
48 -60.5110 1.3862 0.7101 [-0.181, -0.05, 0.012] 0.192
49 -63.8149 0.7724 0.7954 [-0.198, -0.035, 0.019] 0.211
50 -63.4468 1.4312 1.2019 [-0.197, -0.063, 0.005] 0.203
