1 -75.3355 1.2424 0.5466 [-0.064, 0.011, 0.047] 0.188
2 -86.5656 1.5496 0.6768 [0.003, -0.018, 0.001] 0.186
3 -77.3232 1.1483 1.0495 [-0.057, -0.016, 0.052] 0.179
4 -81.0782 0.7276 0.7586 [-0.05, -0.048, 0.015] 0.180
5 -76.8632 1.4209 0.7939 [-0.061, -0.017, 0.022] 0.180
6 -81.0308 1.1944 0.9952 [-0.049, -0.046, -0.004] 0.177
7 -83.3718 0.7934 0.9521 [-0.036, -0.012, 0.062] 0.174
8 -74.4574 1.1832 1.1378 [-0.064, -0.059, 0.018] 0.179
9 -81.6898 1.5018 0.9319 [-0.032, -0.041, 0.017] 0.171
10 -75.0349 0.9524 0.9571 [-0.026, -0.041, 0.026] 0.172
11 -82.6068 1.1496 1.4145 [-0.009, -0.026, -0.017] 0.178
12 -80.5206 1.0691 1.0367 [0.001, -0.045, -0.021] 0.178
13 -81.3943 0.8433 0.9630 [-0.033, -0.018, 0.017] 0.175
14 -80.8595 0.9791 1.2340 [0.001, -0.019, 0.008] 0.178
15 -76.7317 1.0103 1.0257 [-0.078, -0.034, 0.009] 0.185
16 -77.5744 0.8317 0.9918 [-0.042, 0.019, 0.004] 0.177
17 -74.6072 0.6222 1.0103 [-0.079, -0.003, 0.03] 0.184
18 -71.8423 0.8178 0.9890 [-0.079, 0.003, 0.048] 0.183
19 -68.8635 1.0701 1.0039 [-0.102, -0.011, 0.037] 0.181
20 -74.8637 0.6922 0.8941 [-0.097, -0.021, 0.024] 0.182
21 -77.9789 0.9272 0.9026 [-0.076, -0.029, 0.025] 0.180
22 -72.8409 1.1773 1.0921 [-0.087, 0.006, 0.016] 0.184
23 -77.6909 0.8232 0.3414 [-0.103, 0.014, 0.01] 0.191
24 -69.0595 0.9228 0.9508 [-0.122, 0.02, 0.007] 0.178
25 -73.1535 0.8772 1.0762 [-0.096, 0.018, -0.012] 0.186
26 -71.6463 1.0182 0.8691 [-0.107, 0.004, -0.037] 0.195
27 -81.3013 0.9785 1.4743 [-0.104, 0.03, -0.022] 0.198
28 -74.9510 0.6139 0.7997 [-0.118, 0.037, -0.024] 0.185
29 -72.0226 0.9657 0.8338 [-0.118, 0.011, 0.0] 0.195
30 -71.6613 0.9726 0.7458 [-0.143, -0.021, 0.02] 0.193
31 -69.6029 0.9703 1.0101 [-0.169, -0.012, 0.033] 0.196
32 -70.7876 1.0638 0.7371 [-0.152, -0.065, 0.009] 0.186
33 -71.4556 1.0725 0.7270 [-0.139, -0.063, 0.05] 0.191
34 -70.2684 1.3433 0.5084 [-0.162, -0.08, 0.023] 0.193
35 -71.3014 0.6606 0.6109 [-0.15, -0.053, 0.036] 0.195
36 -66.4546 1.0238 0.8909 [-0.158, -0.053, 0.066] 0.198
37 -69.4144 0.9749 0.5725 [-0.156, -0.048, 0.042] 0.185
38 -73.1625 0.6576 0.4477 [-0.169, -0.049, 0.038] 0.193
39 -63.4587 1.2358 0.8990 [-0.159, -0.057, 0.042] 0.196
40 -66.0287 1.2716 0.8366 [-0.177, -0.065, 0.023] 0.201
41 -69.0312 0.8850 0.9400 [-0.168, -0.071, 0.012] 0.204
42 -68.7423 1.0145 0.8823 [-0.139, -0.043, 0.028] 0.193
43 -64.6962 0.8501 0.6569 [-0.17, -0.047, 0.029] 0.191
44 -66.3210 0.7518 0.9735 [-0.159, -0.054, 0.016] 0.195
45 -60.2301 0.7472 1.1129 [-0.147, -0.067, 0.024] 0.189
46 -66.0382 1.4174 1.1362 [-0.17, -0.041, 0.012] 0.188
47 -61.0576 1.1679 0.9716 [-0.185, -0.061, 0.027] 0.196
48 -61.0713 1.2752 1.3720 [-0.185, -0.04, 0.003] 0.201
49 -60.7175 0.7361 1.0039 [-0.204, -0.041, 0.005] 0.204
50 -57.5750 1.1683 0.7451 [-0.194, -0.061, -0.003] 0.198
