1 -82.2833 1.0166 0.9146 [-0.041, -0.008, 0.019] 0.170
2 -82.0465 0.9046 1.1013 [-0.052, 0.015, 0.05] 0.177
3 -78.8882 1.2192 0.7615 [-0.058, -0.015, 0.041] 0.178
4 -75.7226 1.2921 0.9723 [-0.073, -0.019, 0.014] 0.175
5 -80.6321 0.6001 0.8865 [-0.045, -0.028, 0.022] 0.173
6 -80.7264 1.4130 0.8397 [-0.06, -0.059, 0.028] 0.179
7 -84.9737 0.9067 0.5216 [-0.028, -0.027, -0.012] 0.180
8 -80.9473 1.0287 1.0769 [-0.031, -0.034, 0.033] 0.174
9 -78.5633 1.5597 0.8053 [-0.038, -0.018, 0.036] 0.175
10 -77.9143 1.1011 0.8480 [-0.028, -0.022, 0.023] 0.172
11 -78.4380 0.8947 1.1735 [-0.04, -0.062, 0.008] 0.180
12 -86.2650 0.8398 1.0723 [-0.015, -0.024, 0.004] 0.180
13 -79.5010 0.8828 0.9379 [-0.02, -0.053, 0.014] 0.186
14 -77.4543 0.9442 1.1288 [-0.042, 0.006, 0.02] 0.168
15 -73.9070 1.0727 0.8836 [-0.045, -0.032, -0.013] 0.178
16 -76.0706 1.1722 0.9876 [-0.051, 0.022, 0.035] 0.174
17 -74.5161 0.8675 1.2387 [-0.102, 0.014, 0.045] 0.177
18 -73.0080 0.8277 1.1786 [-0.053, 0.007, 0.037] 0.180
19 -74.2457 0.8872 0.8047 [-0.106, -0.005, 0.021] 0.192
20 -67.8883 1.0142 1.2004 [-0.131, -0.009, 0.024] 0.188
21 -71.5208 1.4364 0.7933 [-0.088, -0.004, 0.017] 0.180
22 -75.3958 1.5381 0.9619 [-0.082, 0.003, 0.019] 0.188
23 -78.7753 0.9064 0.9628 [-0.078, -0.008, 0.023] 0.195
24 -71.7257 0.7569 1.1232 [-0.098, 0.005, -0.007] 0.182
25 -75.1565 1.6189 0.9701 [-0.082, 0.01, -0.043] 0.184
26 -76.6108 0.5806 1.4555 [-0.082, 0.008, -0.016] 0.180
27 -79.9655 0.8777 1.1012 [-0.117, 0.06, -0.011] 0.185
28 -73.3636 1.1400 0.6690 [-0.116, 0.032, -0.037] 0.190
29 -72.1868 0.7772 1.1003 [-0.102, 0.005, -0.024] 0.178
30 -68.0908 0.9582 1.2453 [-0.122, -0.022, -0.02] 0.183
31 -72.9866 1.1352 0.7209 [-0.155, -0.024, 0.025] 0.187
32 -78.1404 1.0614 0.7116 [-0.134, -0.047, 0.041] 0.192
33 -64.8051 1.0420 0.5599 [-0.165, -0.072, 0.032] 0.195
34 -72.4231 1.1504 0.6931 [-0.147, -0.048, 0.016] 0.188
35 -70.2441 1.0477 0.8381 [-0.154, -0.083, 0.036] 0.191
36 -68.6571 0.7412 0.6853 [-0.182, -0.063, 0.023] 0.194
37 -63.6853 1.0882 0.8163 [-0.171, -0.048, 0.027] 0.192
38 -68.1094 1.0513 1.3518 [-0.179, -0.052, 0.012] 0.196
39 -69.1704 1.2594 1.3067 [-0.168, -0.053, 0.023] 0.192
40 -63.8577 0.8825 1.0697 [-0.155, -0.068, 0.012] 0.189
41 -64.8585 1.0956 1.2640 [-0.16, -0.052, 0.015] 0.195
42 -68.0291 0.9438 1.1030 [-0.157, -0.086, 0.037] 0.199
43 -68.1756 0.9873 1.1709 [-0.156, -0.092, 0.032] 0.192
44 -66.5508 1.0566 0.6989 [-0.13, -0.063, 0.023] 0.191
45 -65.5247 0.7063 1.5241 [-0.167, -0.066, 0.018] 0.204
46 -65.8242 1.5490 0.7399 [-0.167, -0.075, 0.04] 0.201
47 -62.4064 0.9691 0.7955 [-0.18, -0.074, 0.027] 0.200
48 -65.3520 0.7720 0.7294 [-0.201, -0.05, 0.008] 0.198
49 -58.7730 1.1984 1.0279 [-0.202, -0.04, 0.035] 0.192
50 -58.5937 0.9889 1.2366 [-0.199, -0.049, -0.009] 0.202
