1 -177.6429 1.5523 1.7854 [0.026, -0.055, -0.034] 0.636
2 -170.7216 0.5045 0.8382 [0.022, 0.04, 0.071] 0.618
3 -169.4316 -0.1050 -0.2353 [-0.008, -0.026, 0.094] 0.632
4 -159.6460 0.7013 -0.2534 [-0.141, 0.014, 0.182] 0.634
5 -174.1568 1.0664 -0.3558 [-0.043, -0.124, 0.157] 0.643
6 -173.6383 2.1342 0.1461 [-0.056, -0.105, 0.123] 0.641
7 -185.5841 0.2093 1.0111 [0.076, -0.143, 0.065] 0.616
8 -172.8498 1.6995 -0.7234 [-0.037, -0.131, 0.105] 0.623
9 -161.4068 1.5724 1.2175 [0.021, -0.185, 0.13] 0.615
10 -167.6589 1.1142 0.2158 [0.043, -0.136, 0.102] 0.621
11 -145.5818 2.1470 0.9798 [-0.023, -0.1, 0.005] 0.630
12 -184.9129 0.9584 0.8913 [0.059, -0.08, 0.002] 0.638
13 -180.2350 0.9778 1.4172 [0.087, -0.048, 0.069] 0.628
14 -171.2521 -0.2049 2.0438 [0.061, -0.074, 0.062] 0.618
15 -162.7293 2.3170 1.0311 [-0.036, -0.122, 0.103] 0.604
16 -165.7886 1.1455 0.4634 [-0.125, -0.192, 0.121] 0.636
17 -164.0368 1.1138 1.3198 [-0.151, -0.124, 0.139] 0.622
18 -174.3884 0.5771 -0.1932 [-0.122, -0.094, 0.13] 0.634
19 -158.8696 1.3920 0.3927 [-0.273, -0.082, 0.103] 0.622
20 -172.5977 1.1396 -0.5346 [-0.256, -0.06, 0.226] 0.634
21 -169.2384 0.7770 0.4314 [-0.136, -0.174, 0.152] 0.618
22 -156.2644 0.4294 0.5878 [-0.263, -0.034, 0.158] 0.630
23 -165.7623 0.5263 1.1473 [-0.113, -0.06, 0.064] 0.652
24 -166.3582 0.1212 2.3570 [-0.141, -0.1, 0.012] 0.634
25 -164.2712 0.6628 1.9229 [-0.219, 0.066, 0.098] 0.635
