1 -164.1367 1.3548 -0.4071 [-0.065, -0.006, 0.129] 0.651
2 -182.9604 2.4562 0.1761 [0.173, -0.069, -0.038] 0.660
3 -162.1429 1.7992 1.5725 [-0.018, -0.063, 0.124] 0.639
4 -167.7529 0.0358 0.5931 [0.011, -0.174, 0.058] 0.637
5 -153.7137 1.5085 -0.0472 [-0.046, -0.089, 0.109] 0.632
6 -155.1366 1.2402 0.9212 [-0.031, -0.135, 0.038] 0.635
7 -175.3187 0.2701 1.0091 [0.033, -0.053, 0.243] 0.637
8 -159.7595 1.6518 1.3028 [-0.025, -0.206, 0.075] 0.639
9 -174.2864 2.5362 1.0513 [0.042, -0.184, 0.121] 0.628
10 -150.3555 0.9939 1.0178 [0.053, -0.176, 0.116] 0.624
11 -171.2636 1.3503 2.3388 [0.07, -0.098, -0.002] 0.646
12 -176.8326 1.0931 0.7505 [0.083, -0.154, -0.064] 0.639
13 -167.6837 0.1469 0.8033 [-0.001, -0.05, 0.074] 0.610
14 -174.4079 0.9945 1.6669 [0.077, -0.135, 0.116] 0.654
15 -161.1707 0.9135 0.7075 [-0.173, -0.186, 0.151] 0.648
16 -161.7436 0.7398 0.9765 [-0.067, -0.077, 0.125] 0.632
17 -163.0516 -0.2987 0.6018 [-0.222, -0.128, 0.22] 0.631
18 -163.7439 0.6222 0.7873 [-0.163, -0.088, 0.234] 0.633
19 -158.8277 1.2850 0.8064 [-0.22, -0.099, 0.175] 0.607
20 -167.8174 -0.3991 0.7406 [-0.189, -0.084, 0.144] 0.624
21 -175.9653 0.7096 0.2675 [-0.183, -0.163, 0.146] 0.624
22 -169.2997 1.8014 1.2706 [-0.183, -0.049, 0.086] 0.633
23 -165.1503 0.8828 -1.0083 [-0.171, -0.054, 0.09] 0.635
24 -150.0510 0.5789 0.4443 [-0.248, -0.006, 0.112] 0.614
25 -156.8203 0.3111 1.0056 [-0.13, 0.046, 0.099] 0.604
