1 -158.7047 0.2086 1.0321 [-0.079, 0.04, 0.099] 0.616
2 -176.2537 1.3283 -0.0469 [0.101, -0.03, 0.049] 0.648
3 -173.3429 0.0011 2.3656 [0.029, -0.093, 0.084] 0.621
4 -175.1882 1.5683 1.5135 [-0.014, -0.064, 0.171] 0.645
5 -150.2574 1.8478 0.5411 [-0.028, -0.149, 0.097] 0.615
6 -175.3424 1.2558 1.0442 [-0.034, -0.177, -0.003] 0.646
7 -183.2140 -0.2568 0.6855 [0.026, -0.036, 0.105] 0.656
8 -172.7939 1.0476 0.1642 [-0.059, -0.127, 0.075] 0.612
9 -170.8577 0.4575 1.1427 [0.065, -0.147, 0.155] 0.636
10 -162.8763 0.0553 0.8931 [-0.04, -0.181, 0.044] 0.652
11 -175.2112 0.3252 2.3062 [0.012, -0.153, 0.17] 0.632
12 -167.6169 1.9663 0.4171 [-0.018, -0.093, -0.019] 0.636
13 -175.2259 0.6439 0.6622 [0.138, -0.17, 0.002] 0.646
14 -171.2697 1.9570 -0.3233 [-0.01, -0.079, 0.045] 0.621
15 -168.3113 1.2949 -0.5499 [-0.062, -0.094, 0.139] 0.640
16 -168.3883 0.6186 1.1654 [-0.13, -0.146, 0.162] 0.646
17 -164.9138 0.4197 0.3148 [-0.196, -0.143, 0.133] 0.634
18 -175.4566 1.0143 0.0803 [-0.149, -0.103, 0.213] 0.629
19 -173.6219 0.4349 0.5105 [-0.052, -0.132, 0.167] 0.628
20 -151.1485 0.7329 0.4531 [-0.249, -0.143, 0.099] 0.620
21 -170.1900 -0.3001 0.7350 [-0.199, -0.048, 0.089] 0.620
22 -158.0346 1.6015 0.6680 [-0.166, -0.067, 0.068] 0.625
23 -164.8225 1.1448 0.7540 [-0.144, -0.052, 0.103] 0.626
24 -178.5653 1.1046 1.1093 [-0.14, -0.057, 0.067] 0.622
25 -167.7965 1.0093 1.4772 [-0.108, 0.025, -0.034] 0.605
