1 -177.1751 0.3517 1.1206 [-0.077, -0.009, -0.012] 0.648
2 -175.3448 -0.0752 0.6312 [0.004, 0.065, 0.079] 0.638
3 -175.5475 2.3575 0.9753 [0.055, -0.09, 0.14] 0.633
4 -172.0710 1.0172 0.1289 [0.062, -0.093, 0.02] 0.627
5 -174.5133 1.4020 1.2638 [-0.061, -0.162, 0.079] 0.641
6 -162.8836 0.5978 1.0162 [0.042, -0.151, 0.124] 0.648
7 -172.5850 0.1439 0.4948 [-0.04, -0.102, 0.14] 0.626
8 -173.9495 -0.2842 1.4350 [-0.061, -0.172, 0.074] 0.639
9 -159.0842 1.8531 1.8404 [0.048, -0.106, 0.195] 0.631
10 -150.5289 2.3833 0.5528 [0.06, -0.228, 0.101] 0.611
11 -156.4090 2.8487 0.7075 [-0.053, -0.019, 0.08] 0.616
12 -152.4458 2.2824 0.0032 [0.027, -0.078, 0.034] 0.593
13 -166.2901 -0.5758 0.8770 [0.023, -0.045, 0.132] 0.625
14 -166.7629 0.0064 0.5205 [0.019, -0.145, 0.114] 0.630
15 -170.0111 1.7414 0.8921 [-0.052, -0.017, 0.125] 0.617
16 -187.5007 1.4005 0.3380 [-0.085, -0.138, 0.061] 0.604
17 -160.0784 0.2261 1.8947 [-0.24, -0.123, 0.108] 0.630
18 -177.2501 0.7356 2.3795 [-0.144, -0.004, 0.16] 0.643
19 -163.6931 0.9006 0.0379 [-0.233, -0.172, 0.136] 0.630
20 -167.0564 0.9273 2.4833 [-0.164, 0.032, 0.139] 0.635
21 -158.5094 -0.2679 1.6966 [-0.166, -0.091, 0.047] 0.631
22 -169.9671 0.2000 0.8896 [-0.192, -0.036, 0.042] 0.636
23 -161.3979 0.1288 0.2582 [-0.224, -0.104, 0.133] 0.615
24 -173.0467 0.5389 1.8468 [-0.154, -0.062, 0.091] 0.635
25 -154.8666 1.6248 0.8729 [-0.124, 0.011, 0.189] 0.598
