1 -161.0599 1.7186 0.3929 [0.015, -0.109, -0.009] 0.622
2 -182.8335 2.0760 1.0775 [-0.013, -0.044, -0.036] 0.638
3 -175.5302 1.5248 -0.0287 [-0.039, -0.107, 0.1] 0.637
4 -178.3184 1.9796 -0.0183 [-0.028, 0.043, 0.13] 0.646
5 -158.7209 0.2817 0.9884 [0.016, -0.064, 0.128] 0.638
6 -175.0278 0.4976 1.0897 [-0.048, -0.117, 0.169] 0.625
7 -165.8541 1.6082 0.9453 [-0.089, -0.056, 0.047] 0.627
8 -158.8860 0.1047 1.3926 [0.042, -0.081, 0.127] 0.591
9 -159.1888 1.7641 0.8358 [0.042, -0.15, 0.153] 0.617
10 -164.1345 2.9406 0.9261 [0.054, -0.037, 0.144] 0.608
11 -165.4773 -0.2740 0.0780 [0.033, -0.194, 0.125] 0.633
12 -175.4126 2.5308 1.4003 [0.126, -0.155, -0.046] 0.626
13 -177.9941 0.8715 1.0249 [0.039, -0.237, 0.104] 0.636
14 -164.5809 0.4418 1.2593 [0.005, -0.121, 0.118] 0.617
15 -161.8247 0.9229 0.3721 [-0.046, -0.091, 0.086] 0.643
16 -156.0511 0.3763 0.4936 [-0.065, -0.111, 0.153] 0.632
17 -167.4875 0.9234 0.4139 [-0.132, -0.139, 0.168] 0.632
18 -156.0934 -0.1292 2.2418 [-0.144, -0.052, 0.105] 0.633
19 -152.4560 0.7330 1.2812 [-0.24, -0.079, 0.102] 0.616
20 -162.4804 1.9535 -0.1385 [-0.228, -0.142, 0.159] 0.633
21 -155.3499 0.4089 0.3045 [-0.278, 0.024, 0.12] 0.646
22 -162.3416 2.0786 1.3634 [-0.139, -0.034, 0.116] 0.617
23 -171.9345 1.4804 -0.5750 [-0.185, -0.07, 0.096] 0.606
24 -163.1176 0.0064 1.4620 [-0.152, -0.036, 0.096] 0.599
25 -165.4724 0.0767 0.3638 [-0.159, -0.025, 0.109] 0.631
