1 -175.0480 1.8050 0.4331 [0.059, -0.001, 0.057] 0.627
2 -184.3751 1.3964 0.6155 [0.078, -0.118, 0.001] 0.641
3 -155.3842 0.9357 1.6038 [0.022, -0.142, 0.101] 0.616
4 -169.2518 0.8977 0.6917 [-0.016, -0.106, 0.125] 0.650
5 -153.0514 0.5807 0.6532 [-0.031, -0.151, 0.028] 0.631
6 -176.9296 2.7384 0.4091 [-0.082, -0.151, 0.13] 0.623
7 -171.1486 2.8494 0.7215 [-0.06, 0.012, 0.149] 0.633
8 -165.0090 1.2555 0.8768 [0.041, -0.15, 0.061] 0.627
9 -169.2218 1.7314 1.6150 [0.016, -0.161, 0.168] 0.646
10 -169.5378 1.9286 0.8060 [0.054, -0.163, 0.208] 0.601
11 -160.8343 1.1165 1.5971 [-0.049, -0.09, 0.009] 0.643
12 -172.9856 2.0662 0.5809 [0.09, -0.151, -0.076] 0.639
13 -173.2813 0.7876 -0.4506 [-0.001, -0.117, 0.101] 0.654
14 -168.7630 0.4960 0.6309 [0.039, -0.057, 0.104] 0.609
15 -160.7901 0.2411 -0.0636 [-0.008, -0.039, 0.084] 0.610
16 -150.9278 0.2599 1.5414 [-0.091, -0.13, 0.156] 0.636
17 -161.2431 2.4201 1.1486 [-0.099, -0.139, 0.202] 0.649
18 -166.1237 0.0372 0.7480 [-0.097, -0.08, 0.141] 0.617
19 -140.2633 1.1256 0.4430 [-0.141, -0.06, 0.125] 0.606
20 -159.0383 2.0089 0.8948 [-0.207, -0.091, 0.181] 0.633
21 -160.6790 1.9238 1.2087 [-0.114, -0.062, 0.049] 0.607
22 -173.3737 1.8096 -0.3454 [-0.229, -0.011, 0.123] 0.644
23 -155.9537 0.0456 1.0331 [-0.114, -0.062, 0.029] 0.610
24 -169.8912 1.4739 1.1522 [-0.233, -0.067, 0.132] 0.631
25 -174.8337 0.0209 0.5133 [-0.156, 0.116, 0.064] 0.619
