1 -178.8785 1.1157 0.9142 [0.027, -0.077, 0.032] 0.612
2 -174.7270 0.6914 2.0411 [-0.007, 0.017, 0.14] 0.628
3 -166.2334 1.6716 0.9992 [0.029, -0.077, 0.107] 0.633
4 -150.7396 1.9377 0.7398 [-0.106, -0.119, 0.076] 0.637
5 -161.8919 -0.1470 1.2375 [0.036, -0.121, 0.089] 0.616
6 -175.7702 2.7025 0.7177 [-0.082, -0.216, 0.12] 0.631
7 -175.3416 0.9177 -0.3690 [0.067, -0.086, -0.025] 0.637
8 -173.0601 0.8574 1.4488 [0.073, -0.142, 0.127] 0.625
9 -167.1130 2.5345 -0.0136 [-0.006, -0.097, 0.212] 0.644
10 -163.3892 1.2780 0.0269 [0.047, -0.09, 0.145] 0.608
11 -175.4487 0.5409 1.5569 [-0.017, -0.219, 0.07] 0.648
12 -183.0846 0.5057 1.2505 [0.041, -0.057, -0.01] 0.622
13 -162.6327 0.4905 0.9690 [0.055, -0.15, 0.114] 0.643
14 -163.4867 0.7416 1.8315 [-0.019, -0.025, 0.143] 0.604
15 -154.3434 1.3406 0.1274 [-0.077, -0.192, 0.069] 0.626
16 -166.5082 1.7611 0.8722 [-0.057, -0.064, 0.205] 0.624
17 -168.4860 0.3966 1.3505 [-0.256, -0.081, 0.258] 0.625
18 -139.9891 0.2752 1.8743 [-0.065, -0.098, 0.182] 0.618
19 -170.3618 0.7340 0.3211 [-0.209, -0.052, 0.124] 0.648
20 -150.1051 0.8872 1.2970 [-0.273, -0.065, 0.114] 0.633
21 -160.6338 2.0939 0.2350 [-0.207, -0.064, 0.093] 0.610
22 -162.5860 2.9530 0.7194 [-0.171, -0.013, 0.096] 0.618
23 -172.8159 0.4750 0.4899 [-0.101, -0.09, 0.108] 0.645
24 -153.8453 -0.1467 0.9433 [-0.17, -0.041, 0.066] 0.626
25 -163.5132 3.1304 0.6474 [-0.091, 0.007, -0.006] 0.599
