1 -185.3135 1.0487 1.4195 [-0.023, 0.032, -0.048] 0.619
2 -163.1517 0.1261 0.9209 [0.041, -0.037, 0.001] 0.628
3 -178.3776 0.9106 1.6883 [0.039, -0.067, -0.046] 0.605
4 -167.0022 1.0242 0.2631 [-0.011, -0.078, 0.093] 0.647
5 -170.1996 0.8826 -0.9301 [-0.092, -0.113, 0.174] 0.645
6 -178.2359 1.5340 0.4212 [-0.034, -0.139, 0.092] 0.642
7 -168.3598 1.2574 0.3174 [0.104, -0.063, 0.082] 0.635
8 -155.4592 2.1847 0.9703 [-0.009, -0.189, 0.032] 0.611
9 -172.9523 1.0057 0.5624 [0.063, -0.182, 0.307] 0.638
10 -144.7274 1.7732 0.9775 [0.052, -0.219, 0.093] 0.632
11 -172.1479 1.6535 1.7504 [0.089, -0.087, 0.026] 0.591
12 -160.3537 0.5362 0.4528 [0.105, -0.127, 0.067] 0.617
13 -158.5478 -0.0928 0.2365 [0.059, -0.116, 0.125] 0.624
14 -183.9012 1.6405 -0.3495 [0.045, -0.129, 0.1] 0.624
15 -171.3702 0.4525 1.7690 [0.043, -0.101, 0.073] 0.630
16 -168.7073 -0.6277 1.2377 [-0.119, -0.12, 0.2] 0.610
17 -154.4651 -0.4003 0.9514 [-0.15, -0.093, 0.181] 0.648
18 -172.4137 0.1975 1.1449 [-0.253, -0.141, 0.145] 0.627
19 -161.2397 -0.3809 0.7613 [-0.112, 0.07, 0.149] 0.645
20 -154.1854 0.5880 -0.2197 [-0.21, -0.123, 0.145] 0.618
21 -174.1267 0.6633 1.0192 [-0.196, -0.055, 0.092] 0.610
22 -158.2692 1.6211 0.4258 [-0.199, 0.026, 0.104] 0.585
23 -161.0607 2.0994 0.0709 [-0.062, -0.107, 0.029] 0.608
24 -163.8951 2.0955 0.1900 [-0.1, 0.006, 0.12] 0.647
25 -175.3059 0.8407 0.5559 [-0.201, 0.043, -0.025] 0.609
